arm,method,dataset,alpha,seed,round,client_id,n_k,n_batches,H_k,E_full,learning_rate,tau_original,tau_received,steps_executed,examples_processed,flops_nominal,flops_executed,donor_client,perm_id,local_seed,loss_after_fit,acc_centralized_round,loss_centralized_round,acc_distributed_round,loss_distributed_round,round_wall_clock_s
fedprox_default,FedProx,CIFAR10,0.01,60,1,3,9000,281,0.6665747165679932,3,0.01,843,1405,1405,44960,8140262400000,8133026611200,3,,1293230204,0.10716451700031758,0.1492,2.319702981185913,0.1604641856742697,2.3158644660323464,32.4293
fedprox_default,FedProx,CIFAR10,0.01,60,1,4,17723,553,0.4085042079289754,4,0.01,2212,2765,2765,88480,16029985612800,16005564825600,4,,36334075,0.8241590570834398,0.1492,2.319702981185913,0.1604641856742697,2.3158644660323464,32.4293
fedprox_default,FedProx,CIFAR10,0.01,60,1,0,9277,289,0.6425404151280721,3,0.01,867,1445,1445,46240,8390801587200,8364571852800,0,,1710757364,0.22689612883965946,0.1492,2.319702981185913,0.1604641856742697,2.3158644660323464,32.4293
fedprox_default,FedProx,CIFAR10,0.01,60,1,2,4502,140,0.9997532367706299,2,0.01,280,700,700,22400,4071940147200,4052041728000,2,,594301715,0.032119995608576576,0.1492,2.319702981185913,0.1604641856742697,2.3158644660323464,32.4293
fedprox_default,FedProx,CIFAR10,0.01,60,1,1,4500,140,1.0,2,0.01,280,700,700,22400,4070131200000,4052041728000,1,,1003915831,4.061237794513966e-09,0.1492,2.319702981185913,0.1604641856742697,2.3158644660323464,32.4293
fedprox_default,FedProx,CIFAR10,0.01,60,2,3,9000,281,0.6665747165679932,3,0.01,843,1405,1405,44960,8140262400000,8133026611200,3,,1793425679,0.07761008413694799,0.2429,2.2285798042297364,0.24909963985594238,2.215516138119715,30.1997
fedprox_default,FedProx,CIFAR10,0.01,60,2,4,17723,553,0.4085042079289754,4,0.01,2212,2765,2765,88480,16029985612800,16005564825600,4,,114291994,0.6577351619108732,0.2429,2.2285798042297364,0.24909963985594238,2.215516138119715,30.1997
fedprox_default,FedProx,CIFAR10,0.01,60,2,0,9277,289,0.6425404151280721,3,0.01,867,1445,1445,46240,8390801587200,8364571852800,0,,1863000080,0.16995651300960374,0.2429,2.2285798042297364,0.24909963985594238,2.215516138119715,30.1997
fedprox_default,FedProx,CIFAR10,0.01,60,2,2,4502,140,0.9997532367706299,2,0.01,280,700,700,22400,4071940147200,4052041728000,2,,612543060,0.030765860854266067,0.2429,2.2285798042297364,0.24909963985594238,2.215516138119715,30.1997
fedprox_default,FedProx,CIFAR10,0.01,60,2,1,4500,140,1.0,2,0.01,280,700,700,22400,4070131200000,4052041728000,1,,593197340,4.777927152118393e-10,0.2429,2.2285798042297364,0.24909963985594238,2.215516138119715,30.1997
fedprox_default,FedProx,CIFAR10,0.01,60,3,2,4502,140,0.9997532367706299,2,0.01,280,700,700,22400,4071940147200,4052041728000,2,,1091614331,0.029481725565532697,0.3529,2.0036052598953247,0.35834333733493395,1.9869516152961582,30.7811
fedprox_default,FedProx,CIFAR10,0.01,60,3,4,17723,553,0.4085042079289754,4,0.01,2212,2765,2765,88480,16029985612800,16005564825600,4,,444307856,0.6582864326774438,0.3529,2.0036052598953247,0.35834333733493395,1.9869516152961582,30.7811
fedprox_default,FedProx,CIFAR10,0.01,60,3,3,9000,281,0.6665747165679932,3,0.01,843,1405,1405,44960,8140262400000,8133026611200,3,,1196042706,0.35446751403808596,0.3529,2.0036052598953247,0.35834333733493395,1.9869516152961582,30.7811
fedprox_default,FedProx,CIFAR10,0.01,60,3,1,4500,140,1.0,2,0.01,280,700,700,22400,4070131200000,4052041728000,1,,1078847476,1.3617080109232043e-08,0.3529,2.0036052598953247,0.35834333733493395,1.9869516152961582,30.7811
fedprox_default,FedProx,CIFAR10,0.01,60,3,0,9277,289,0.6425404151280721,3,0.01,867,1445,1445,46240,8390801587200,8364571852800,0,,362255373,0.13662361815137772,0.3529,2.0036052598953247,0.35834333733493395,1.9869516152961582,30.7811
fedprox_default,FedProx,CIFAR10,0.01,60,4,1,4500,140,1.0,2,0.01,280,700,700,22400,4070131200000,4052041728000,1,,638423381,1.2159692572194325e-07,0.382,1.8556599168777466,0.37555022008803524,1.8481490001195715,30.5314
fedprox_default,FedProx,CIFAR10,0.01,60,4,4,17723,553,0.4085042079289754,4,0.01,2212,2765,2765,88480,16029985612800,16005564825600,4,,1037445109,0.6247209947747346,0.382,1.8556599168777466,0.37555022008803524,1.8481490001195715,30.5314
fedprox_default,FedProx,CIFAR10,0.01,60,4,3,9000,281,0.6665747165679932,3,0.01,843,1405,1405,44960,8140262400000,8133026611200,3,,1007359990,0.11999213768914342,0.382,1.8556599168777466,0.37555022008803524,1.8481490001195715,30.5314
fedprox_default,FedProx,CIFAR10,0.01,60,4,2,4502,140,0.9997532367706299,2,0.01,280,700,700,22400,4071940147200,4052041728000,2,,1363360329,0.033929953878598554,0.382,1.8556599168777466,0.37555022008803524,1.8481490001195715,30.5314
fedprox_default,FedProx,CIFAR10,0.01,60,4,0,9277,289,0.6425404151280721,3,0.01,867,1445,1445,46240,8390801587200,8364571852800,0,,117943204,0.14012784633821654,0.382,1.8556599168777466,0.37555022008803524,1.8481490001195715,30.5314
fedprox_default,FedProx,CIFAR10,0.01,60,5,2,4502,140,0.9997532367706299,2,0.01,280,700,700,22400,4071940147200,4052041728000,2,,27059114,0.038266751722605706,0.4039,1.7591438550949097,0.40416166466586634,1.7569218571661185,30.8334
fedprox_default,FedProx,CIFAR10,0.01,60,5,0,9277,289,0.6425404151280721,3,0.01,867,1445,1445,46240,8390801587200,8364571852800,0,,1152568198,0.24921215454351556,0.4039,1.7591438550949097,0.40416166466586634,1.7569218571661185,30.8334
fedprox_default,FedProx,CIFAR10,0.01,60,5,3,9000,281,0.6665747165679932,3,0.01,843,1405,1405,44960,8140262400000,8133026611200,3,,1422362067,0.06820753509551286,0.4039,1.7591438550949097,0.40416166466586634,1.7569218571661185,30.8334
fedprox_default,FedProx,CIFAR10,0.01,60,5,1,4500,140,1.0,2,0.01,280,700,700,22400,4070131200000,4052041728000,1,,48933111,2.8427851380679037e-07,0.4039,1.7591438550949097,0.40416166466586634,1.7569218571661185,30.8334
fedprox_default,FedProx,CIFAR10,0.01,60,5,4,17723,553,0.4085042079289754,4,0.01,2212,2765,2765,88480,16029985612800,16005564825600,4,,1491868101,0.6312587072002882,0.4039,1.7591438550949097,0.40416166466586634,1.7569218571661185,30.8334
fedprox_default,FedProx,CIFAR10,0.01,60,6,1,4500,140,1.0,2,0.01,280,700,700,22400,4070131200000,4052041728000,1,,567946760,9.890278912127235e-08,0.4533,1.6029003896713256,0.44877951180472186,1.6050566667292108,29.995
fedprox_default,FedProx,CIFAR10,0.01,60,6,4,17723,553,0.4085042079289754,4,0.01,2212,2765,2765,88480,16029985612800,16005564825600,4,,1500748806,0.5122655625570964,0.4533,1.6029003896713256,0.44877951180472186,1.6050566667292108,29.995
fedprox_default,FedProx,CIFAR10,0.01,60,6,3,9000,281,0.6665747165679932,3,0.01,843,1405,1405,44960,8140262400000,8133026611200,3,,2048769924,0.06816878559393809,0.4533,1.6029003896713256,0.44877951180472186,1.6050566667292108,29.995
fedprox_default,FedProx,CIFAR10,0.01,60,6,2,4502,140,0.9997532367706299,2,0.01,280,700,700,22400,4071940147200,4052041728000,2,,1507985689,0.03322291169506297,0.4533,1.6029003896713256,0.44877951180472186,1.6050566667292108,29.995
fedprox_default,FedProx,CIFAR10,0.01,60,6,0,9277,289,0.6425404151280721,3,0.01,867,1445,1445,46240,8390801587200,8364571852800,0,,347652241,0.15464360161313734,0.4533,1.6029003896713256,0.44877951180472186,1.6050566667292108,29.995
fedprox_default,FedProx,CIFAR10,0.01,60,7,2,4502,140,0.9997532367706299,2,0.01,280,700,700,22400,4071940147200,4052041728000,2,,1747161969,0.03403064391169028,0.4589,1.6248067193984985,0.4563825530212085,1.6273028397975133,30.3638
fedprox_default,FedProx,CIFAR10,0.01,60,7,0,9277,289,0.6425404151280721,3,0.01,867,1445,1445,46240,8390801587200,8364571852800,0,,258221335,0.15728283137155388,0.4589,1.6248067193984985,0.4563825530212085,1.6273028397975133,30.3638
fedprox_default,FedProx,CIFAR10,0.01,60,7,4,17723,553,0.4085042079289754,4,0.01,2212,2765,2765,88480,16029985612800,16005564825600,4,,1802506554,0.5531725768452068,0.4589,1.6248067193984985,0.4563825530212085,1.6273028397975133,30.3638
fedprox_default,FedProx,CIFAR10,0.01,60,7,3,9000,281,0.6665747165679932,3,0.01,843,1405,1405,44960,8140262400000,8133026611200,3,,1153016030,0.05039638145035133,0.4589,1.6248067193984985,0.4563825530212085,1.6273028397975133,30.3638
fedprox_default,FedProx,CIFAR10,0.01,60,7,1,4500,140,1.0,2,0.01,280,700,700,22400,4070131200000,4052041728000,1,,889566398,1.4083825332971821e-06,0.4589,1.6248067193984985,0.4563825530212085,1.6273028397975133,30.3638
fedprox_default,FedProx,CIFAR10,0.01,60,8,2,4502,140,0.9997532367706299,2,0.01,280,700,700,22400,4071940147200,4052041728000,2,,495488388,0.03620560549670517,0.49,1.5038271717071534,0.4905962384953982,1.5046846139974812,30.2428
fedprox_default,FedProx,CIFAR10,0.01,60,8,4,17723,553,0.4085042079289754,4,0.01,2212,2765,2765,88480,16029985612800,16005564825600,4,,287608905,0.5426264153013016,0.49,1.5038271717071534,0.4905962384953982,1.5046846139974812,30.2428
fedprox_default,FedProx,CIFAR10,0.01,60,8,0,9277,289,0.6425404151280721,3,0.01,867,1445,1445,46240,8390801587200,8364571852800,0,,2025301622,0.18677608911174087,0.49,1.5038271717071534,0.4905962384953982,1.5046846139974812,30.2428
fedprox_default,FedProx,CIFAR10,0.01,60,8,3,9000,281,0.6665747165679932,3,0.01,843,1405,1405,44960,8140262400000,8133026611200,3,,635009495,0.060686535390559584,0.49,1.5038271717071534,0.4905962384953982,1.5046846139974812,30.2428
fedprox_default,FedProx,CIFAR10,0.01,60,8,1,4500,140,1.0,2,0.01,280,700,700,22400,4070131200000,4052041728000,1,,353511827,1.197990768586176e-06,0.49,1.5038271717071534,0.4905962384953982,1.5046846139974812,30.2428
fedprox_default,FedProx,CIFAR10,0.01,60,9,1,4500,140,1.0,2,0.01,280,700,700,22400,4070131200000,4052041728000,1,,1086140660,1.7276075959944685e-06,0.5139,1.4339683616638184,0.5140056022408963,1.4447608780579455,30.22
fedprox_default,FedProx,CIFAR10,0.01,60,9,4,17723,553,0.4085042079289754,4,0.01,2212,2765,2765,88480,16029985612800,16005564825600,4,,433918285,0.5541675544862762,0.5139,1.4339683616638184,0.5140056022408963,1.4447608780579455,30.22
fedprox_default,FedProx,CIFAR10,0.01,60,9,0,9277,289,0.6425404151280721,3,0.01,867,1445,1445,46240,8390801587200,8364571852800,0,,498277790,0.1216620374217774,0.5139,1.4339683616638184,0.5140056022408963,1.4447608780579455,30.22
fedprox_default,FedProx,CIFAR10,0.01,60,9,2,4502,140,0.9997532367706299,2,0.01,280,700,700,22400,4071940147200,4052041728000,2,,391196787,0.035760614252136294,0.5139,1.4339683616638184,0.5140056022408963,1.4447608780579455,30.22
fedprox_default,FedProx,CIFAR10,0.01,60,9,3,9000,281,0.6665747165679932,3,0.01,843,1405,1405,44960,8140262400000,8133026611200,3,,859744162,0.06107521355687641,0.5139,1.4339683616638184,0.5140056022408963,1.4447608780579455,30.22
fedprox_default,FedProx,CIFAR10,0.01,60,10,2,4502,140,0.9997532367706299,2,0.01,280,700,700,22400,4071940147200,4052041728000,2,,623663848,0.029082527449296323,0.511,1.4423126008987426,0.5078031212484994,1.46148697493457,30.7113
fedprox_default,FedProx,CIFAR10,0.01,60,10,4,17723,553,0.4085042079289754,4,0.01,2212,2765,2765,88480,16029985612800,16005564825600,4,,999836897,0.7076204059510257,0.511,1.4423126008987426,0.5078031212484994,1.46148697493457,30.7113
fedprox_default,FedProx,CIFAR10,0.01,60,10,3,9000,281,0.6665747165679932,3,0.01,843,1405,1405,44960,8140262400000,8133026611200,3,,1782471995,0.05418927197623998,0.511,1.4423126008987426,0.5078031212484994,1.46148697493457,30.7113
fedprox_default,FedProx,CIFAR10,0.01,60,10,1,4500,140,1.0,2,0.01,280,700,700,22400,4070131200000,4052041728000,1,,1273886269,4.769768001787742e-06,0.511,1.4423126008987426,0.5078031212484994,1.46148697493457,30.7113
fedprox_default,FedProx,CIFAR10,0.01,60,10,0,9277,289,0.6425404151280721,3,0.01,867,1445,1445,46240,8390801587200,8364571852800,0,,888817564,0.17617471159155507,0.511,1.4423126008987426,0.5078031212484994,1.46148697493457,30.7113
