arm,method,dataset,alpha,seed,round,client_id,n_k,n_batches,H_k,E_full,learning_rate,tau_original,tau_received,steps_executed,examples_processed,flops_nominal,flops_executed,donor_client,perm_id,local_seed,loss_after_fit,acc_centralized_round,loss_centralized_round,acc_distributed_round,loss_distributed_round,round_wall_clock_s
u2_arith,FedHAD-LRU,CIFAR10,0.01,51,1,2,0,0,0.0,5,0.0052201242327971475,0,0,0,0,0,0,2,,2138364173,2.254991292953491,0.1706,2.20851407699585,0.17023404680936188,2.2058549987528178,21.3662
u2_arith,FedHAD-LRU,CIFAR10,0.01,51,1,1,18000,562,0.408211350440979,4,0.0052201242327971475,2248,2248,2248,71936,13024419840000,13012842577920,1,,876657486,0.49498270261937705,0.1706,2.20851407699585,0.17023404680936188,2.2058549987528178,21.3662
u2_arith,FedHAD-LRU,CIFAR10,0.01,51,1,3,8974,280,0.6664099295934042,3,0.0052201242327971475,840,840,840,26880,4870047651840,4862450073600,3,,554537243,0.3875679464911745,0.1706,2.20851407699585,0.17023404680936188,2.2058549987528178,21.3662
u2_arith,FedHAD-LRU,CIFAR10,0.01,51,1,4,4501,140,0.9997531572977701,2,0.0052201242327971475,280,280,280,8960,1628414269440,1620816691200,4,,1475158305,4.0531052277970045e-08,0.1706,2.20851407699585,0.17023404680936188,2.2058549987528178,21.3662
u2_arith,FedHAD-LRU,CIFAR10,0.01,51,1,0,13526,422,0.5077271858851115,3,0.0052201242327971475,1266,1266,1266,40512,7340345948160,7328406896640,0,,449476206,0.3241674972278935,0.1706,2.20851407699585,0.17023404680936188,2.2058549987528178,21.3662
u2_arith,FedHAD-LRU,CIFAR10,0.01,51,2,2,0,0,0.0,5,0.0052201242327971475,0,0,0,0,0,0,2,,1443266793,2.462106943130493,0.3722,1.897434037590027,0.38007601520304063,1.8865503482185237,20.1638
u2_arith,FedHAD-LRU,CIFAR10,0.01,51,2,1,18000,562,0.408211350440979,4,0.0052201242327971475,2248,2248,2248,71936,13024419840000,13012842577920,1,,1121119038,0.46678728767190353,0.3722,1.897434037590027,0.38007601520304063,1.8865503482185237,20.1638
u2_arith,FedHAD-LRU,CIFAR10,0.01,51,2,0,13526,422,0.5077271858851115,3,0.0052201242327971475,1266,1266,1266,40512,7340345948160,7328406896640,0,,1507973518,0.25172847693912515,0.3722,1.897434037590027,0.38007601520304063,1.8865503482185237,20.1638
u2_arith,FedHAD-LRU,CIFAR10,0.01,51,2,3,8974,280,0.6664099295934042,3,0.0052201242327971475,840,840,840,26880,4870047651840,4862450073600,3,,416735389,0.09580324659144568,0.3722,1.897434037590027,0.38007601520304063,1.8865503482185237,20.1638
u2_arith,FedHAD-LRU,CIFAR10,0.01,51,2,4,4501,140,0.9997531572977701,2,0.0052201242327971475,280,280,280,8960,1628414269440,1620816691200,4,,1037604654,7.009462903795339e-08,0.3722,1.897434037590027,0.38007601520304063,1.8865503482185237,20.1638
u2_arith,FedHAD-LRU,CIFAR10,0.01,51,3,3,8974,280,0.6664099295934042,3,0.0052201242327971475,840,840,840,26880,4870047651840,4862450073600,3,,766020622,0.07178499598844013,0.4474,1.6724209814071656,0.4488897779555911,1.661592536865413,19.3105
u2_arith,FedHAD-LRU,CIFAR10,0.01,51,3,1,18000,562,0.408211350440979,4,0.0052201242327971475,2248,2248,2248,71936,13024419840000,13012842577920,1,,607909017,0.5428016561755781,0.4474,1.6724209814071656,0.4488897779555911,1.661592536865413,19.3105
u2_arith,FedHAD-LRU,CIFAR10,0.01,51,3,4,4501,140,0.9997531572977701,2,0.0052201242327971475,280,280,280,8960,1628414269440,1620816691200,4,,200404849,2.438964484809958e-07,0.4474,1.6724209814071656,0.4488897779555911,1.661592536865413,19.3105
u2_arith,FedHAD-LRU,CIFAR10,0.01,51,3,0,13526,422,0.5077271858851115,3,0.0052201242327971475,1266,1266,1266,40512,7340345948160,7328406896640,0,,858297015,0.2731773509642732,0.4474,1.6724209814071656,0.4488897779555911,1.661592536865413,19.3105
u2_arith,FedHAD-LRU,CIFAR10,0.01,51,3,2,0,0,0.0,5,0.0052201242327971475,0,0,0,0,0,0,2,,158405447,2.4948227405548096,0.4474,1.6724209814071656,0.4488897779555911,1.661592536865413,19.3105
u2_arith,FedHAD-LRU,CIFAR10,0.01,51,4,2,0,0,0.0,5,0.0052201242327971475,0,0,0,0,0,0,2,,921074866,2.3756139278411865,0.4371,1.6258425605773925,0.4422884576915383,1.6205201054673406,20.066
u2_arith,FedHAD-LRU,CIFAR10,0.01,51,4,1,18000,562,0.408211350440979,4,0.0052201242327971475,2248,2248,2248,71936,13024419840000,13012842577920,1,,85012821,0.407890395328902,0.4371,1.6258425605773925,0.4422884576915383,1.6205201054673406,20.066
u2_arith,FedHAD-LRU,CIFAR10,0.01,51,4,3,8974,280,0.6664099295934042,3,0.0052201242327971475,840,840,840,26880,4870047651840,4862450073600,3,,604585755,0.20622979579433853,0.4371,1.6258425605773925,0.4422884576915383,1.6205201054673406,20.066
u2_arith,FedHAD-LRU,CIFAR10,0.01,51,4,0,13526,422,0.5077271858851115,3,0.0052201242327971475,1266,1266,1266,40512,7340345948160,7328406896640,0,,2057461662,0.29832895578303126,0.4371,1.6258425605773925,0.4422884576915383,1.6205201054673406,20.066
u2_arith,FedHAD-LRU,CIFAR10,0.01,51,4,4,4501,140,0.9997531572977701,2,0.0052201242327971475,280,280,280,8960,1628414269440,1620816691200,4,,1217093869,1.2421379896920825e-07,0.4371,1.6258425605773925,0.4422884576915383,1.6205201054673406,20.066
u2_arith,FedHAD-LRU,CIFAR10,0.01,51,5,2,0,0,0.0,5,0.0052201242327971475,0,0,0,0,0,0,2,,70750668,2.6636009216308594,0.4915,1.5089554141998291,0.4906981396279256,1.4940665362238479,20.1498
u2_arith,FedHAD-LRU,CIFAR10,0.01,51,5,1,18000,562,0.408211350440979,4,0.0052201242327971475,2248,2248,2248,71936,13024419840000,13012842577920,1,,909995593,0.3567320367823606,0.4915,1.5089554141998291,0.4906981396279256,1.4940665362238479,20.1498
u2_arith,FedHAD-LRU,CIFAR10,0.01,51,5,0,13526,422,0.5077271858851115,3,0.0052201242327971475,1266,1266,1266,40512,7340345948160,7328406896640,0,,610517966,0.23008166041259917,0.4915,1.5089554141998291,0.4906981396279256,1.4940665362238479,20.1498
u2_arith,FedHAD-LRU,CIFAR10,0.01,51,5,4,4501,140,0.9997531572977701,2,0.0052201242327971475,280,280,280,8960,1628414269440,1620816691200,4,,1532290366,4.746769531038808e-07,0.4915,1.5089554141998291,0.4906981396279256,1.4940665362238479,20.1498
u2_arith,FedHAD-LRU,CIFAR10,0.01,51,5,3,8974,280,0.6664099295934042,3,0.0052201242327971475,840,840,840,26880,4870047651840,4862450073600,3,,2073396944,0.05606607291496879,0.4915,1.5089554141998291,0.4906981396279256,1.4940665362238479,20.1498
u2_arith,FedHAD-LRU,CIFAR10,0.01,51,6,2,0,0,0.0,5,0.0052201242327971475,0,0,0,0,0,0,2,,1225251858,3.3836729526519775,0.5086,1.4406560794830323,0.5107021404280856,1.424553831795927,19.736
u2_arith,FedHAD-LRU,CIFAR10,0.01,51,6,1,18000,562,0.408211350440979,4,0.0052201242327971475,2248,2248,2248,71936,13024419840000,13012842577920,1,,1617960313,0.3798549811711247,0.5086,1.4406560794830323,0.5107021404280856,1.424553831795927,19.736
u2_arith,FedHAD-LRU,CIFAR10,0.01,51,6,3,8974,280,0.6664099295934042,3,0.0052201242327971475,840,840,840,26880,4870047651840,4862450073600,3,,1152197569,0.0470032032137576,0.5086,1.4406560794830323,0.5107021404280856,1.424553831795927,19.736
u2_arith,FedHAD-LRU,CIFAR10,0.01,51,6,0,13526,422,0.5077271858851115,3,0.0052201242327971475,1266,1266,1266,40512,7340345948160,7328406896640,0,,1574053471,0.2873787939270708,0.5086,1.4406560794830323,0.5107021404280856,1.424553831795927,19.736
u2_arith,FedHAD-LRU,CIFAR10,0.01,51,6,4,4501,140,0.9997531572977701,2,0.0052201242327971475,280,280,280,8960,1628414269440,1620816691200,4,,1741294939,7.867728058386092e-08,0.5086,1.4406560794830323,0.5107021404280856,1.424553831795927,19.736
u2_arith,FedHAD-LRU,CIFAR10,0.01,51,7,4,4501,140,0.9997531572977701,2,0.0052201242327971475,280,280,280,8960,1628414269440,1620816691200,4,,172185897,1.4305111903922807e-09,0.5268,1.397439896774292,0.5283056611322264,1.3921219123246837,19.8003
u2_arith,FedHAD-LRU,CIFAR10,0.01,51,7,1,18000,562,0.408211350440979,4,0.0052201242327971475,2248,2248,2248,71936,13024419840000,13012842577920,1,,540990980,0.4528810875960861,0.5268,1.397439896774292,0.5283056611322264,1.3921219123246837,19.8003
u2_arith,FedHAD-LRU,CIFAR10,0.01,51,7,0,13526,422,0.5077271858851115,3,0.0052201242327971475,1266,1266,1266,40512,7340345948160,7328406896640,0,,134703842,0.2385170871860654,0.5268,1.397439896774292,0.5283056611322264,1.3921219123246837,19.8003
u2_arith,FedHAD-LRU,CIFAR10,0.01,51,7,3,8974,280,0.6664099295934042,3,0.0052201242327971475,840,840,840,26880,4870047651840,4862450073600,3,,1195150086,0.1278082644975865,0.5268,1.397439896774292,0.5283056611322264,1.3921219123246837,19.8003
u2_arith,FedHAD-LRU,CIFAR10,0.01,51,7,2,0,0,0.0,5,0.0052201242327971475,0,0,0,0,0,0,2,,1527922154,3.5669283866882324,0.5268,1.397439896774292,0.5283056611322264,1.3921219123246837,19.8003
u2_arith,FedHAD-LRU,CIFAR10,0.01,51,8,2,0,0,0.0,5,0.0052201242327971475,0,0,0,0,0,0,2,,2040871666,2.391751527786255,0.5299,1.365749143409729,0.5321064212842569,1.3599737055732337,19.7309
u2_arith,FedHAD-LRU,CIFAR10,0.01,51,8,1,18000,562,0.408211350440979,4,0.0052201242327971475,2248,2248,2248,71936,13024419840000,13012842577920,1,,2080839212,0.3800745335831053,0.5299,1.365749143409729,0.5321064212842569,1.3599737055732337,19.7309
u2_arith,FedHAD-LRU,CIFAR10,0.01,51,8,0,13526,422,0.5077271858851115,3,0.0052201242327971475,1266,1266,1266,40512,7340345948160,7328406896640,0,,1207342416,0.23989354408334956,0.5299,1.365749143409729,0.5321064212842569,1.3599737055732337,19.7309
u2_arith,FedHAD-LRU,CIFAR10,0.01,51,8,4,4501,140,0.9997531572977701,2,0.0052201242327971475,280,280,280,8960,1628414269440,1620816691200,4,,625399466,4.291533421962868e-09,0.5299,1.365749143409729,0.5321064212842569,1.3599737055732337,19.7309
u2_arith,FedHAD-LRU,CIFAR10,0.01,51,8,3,8974,280,0.6664099295934042,3,0.0052201242327971475,840,840,840,26880,4870047651840,4862450073600,3,,1552423861,0.05362545996516711,0.5299,1.365749143409729,0.5321064212842569,1.3599737055732337,19.7309
u2_arith,FedHAD-LRU,CIFAR10,0.01,51,9,2,0,0,0.0,5,0.0052201242327971475,0,0,0,0,0,0,2,,1203766149,2.1801230907440186,0.5487,1.34204993724823,0.5433086617323465,1.3345234276509614,19.5114
u2_arith,FedHAD-LRU,CIFAR10,0.01,51,9,0,13526,422,0.5077271858851115,3,0.0052201242327971475,1266,1266,1266,40512,7340345948160,7328406896640,0,,54253506,0.22200336361852055,0.5487,1.34204993724823,0.5433086617323465,1.3345234276509614,19.5114
u2_arith,FedHAD-LRU,CIFAR10,0.01,51,9,3,8974,280,0.6664099295934042,3,0.0052201242327971475,840,840,840,26880,4870047651840,4862450073600,3,,1384700965,0.08331649767460331,0.5487,1.34204993724823,0.5433086617323465,1.3345234276509614,19.5114
u2_arith,FedHAD-LRU,CIFAR10,0.01,51,9,4,4501,140,0.9997531572977701,2,0.0052201242327971475,280,280,280,8960,1628414269440,1620816691200,4,,1335077040,4.863729172654985e-08,0.5487,1.34204993724823,0.5433086617323465,1.3345234276509614,19.5114
u2_arith,FedHAD-LRU,CIFAR10,0.01,51,9,1,18000,562,0.408211350440979,4,0.0052201242327971475,2248,2248,2248,71936,13024419840000,13012842577920,1,,1047813454,0.44856581867874235,0.5487,1.34204993724823,0.5433086617323465,1.3345234276509614,19.5114
u2_arith,FedHAD-LRU,CIFAR10,0.01,51,10,2,0,0,0.0,5,0.0052201242327971475,0,0,0,0,0,0,2,,1435271347,2.31742787361145,0.5546,1.3001439395904542,0.5579115823164633,1.2986229766986683,19.3168
u2_arith,FedHAD-LRU,CIFAR10,0.01,51,10,1,18000,562,0.408211350440979,4,0.0052201242327971475,2248,2248,2248,71936,13024419840000,13012842577920,1,,1016836267,0.4571034907400161,0.5546,1.3001439395904542,0.5579115823164633,1.2986229766986683,19.3168
u2_arith,FedHAD-LRU,CIFAR10,0.01,51,10,3,8974,280,0.6664099295934042,3,0.0052201242327971475,840,840,840,26880,4870047651840,4862450073600,3,,1578501989,0.07965086067312349,0.5546,1.3001439395904542,0.5579115823164633,1.2986229766986683,19.3168
u2_arith,FedHAD-LRU,CIFAR10,0.01,51,10,0,13526,422,0.5077271858851115,3,0.0052201242327971475,1266,1266,1266,40512,7340345948160,7328406896640,0,,1606103618,0.23834598229109208,0.5546,1.3001439395904542,0.5579115823164633,1.2986229766986683,19.3168
u2_arith,FedHAD-LRU,CIFAR10,0.01,51,10,4,4501,140,0.9997531572977701,2,0.0052201242327971475,280,280,280,8960,1628414269440,1620816691200,4,,1192602540,3.6239516660430123e-08,0.5546,1.3001439395904542,0.5579115823164633,1.2986229766986683,19.3168
