round,client_id,n_k,H_k,E_arm,E_full,lr,epoch,step_norm,marg_cos_loo,cum_cos_loo,marg_lin_loo,marg_cos_all,marg_lin_all
1,2,5468,0.8221529324849447,5,3,0.01,1,2.6547882556915283,-0.13880008459091187,-0.13880008459091187,0.05483159050345421,-0.035254087299108505,0.0028739008121192455
1,2,5468,0.8221529324849447,5,3,0.01,2,1.5966554880142212,-0.04506554827094078,-0.1509113311767578,0.01070698257535696,-0.012830210849642754,0.0006290387827903032
1,2,5468,0.8221529324849447,5,3,0.01,3,1.6606762409210205,-0.014171615242958069,-0.14613564312458038,0.0035019954666495323,-0.012888353317975998,0.0006572260754182935
1,2,5468,0.8221529324849447,5,3,0.01,4,1.6275542974472046,0.002928344067186117,-0.13558551669120789,-0.0007092001615092158,0.011958116665482521,-0.0005976276588626206
1,2,5468,0.8221529324849447,5,3,0.01,5,1.765628457069397,-0.03394597768783569,-0.1411057710647583,0.008918644860386848,-0.007921725511550903,0.0004294884856790304
1,4,15627,0.4309428930282593,5,4,0.01,1,6.001715183258057,-0.08216092735528946,-0.08216092735528946,0.13029247522354126,0.036074426025152206,-0.00664824852719903
1,4,15627,0.4309428930282593,5,4,0.01,2,4.34011697769165,-0.021140677854418755,-0.08764377236366272,0.024243704974651337,0.00871411245316267,-0.0011613336391746998
1,4,15627,0.4309428930282593,5,4,0.01,3,4.028173923492432,0.001947393175214529,-0.08279348909854889,-0.0020727193914353848,0.008268604055047035,-0.0010227578459307551
1,4,15627,0.4309428930282593,5,4,0.01,4,4.012654781341553,0.009561598300933838,-0.07535289227962494,-0.01013773400336504,-0.007799912244081497,0.0009610675042495131
1,4,15627,0.4309428930282593,5,4,0.01,5,4.057186126708984,0.005560915917158127,-0.07143647223711014,-0.005961421877145767,-0.006466396618634462,0.0008056004298850894
1,1,2367,1.0,5,2,0.01,1,2.16225528717041,-0.2895869314670563,-0.2895869314670563,0.045145776122808456,-0.10019537061452866,0.006652533076703548
1,1,2367,1.0,5,2,0.01,2,0.15252217650413513,0.2895990312099457,-0.28958600759506226,-0.003184647299349308,0.1002119928598404,-0.0004693373339250684
1,1,2367,1.0,5,2,0.01,3,0.14280329644680023,0.2895859181880951,-0.28958597779273987,-0.0029815828893333673,0.10019398480653763,-0.00043935165740549564
1,1,2367,1.0,5,2,0.01,4,0.1326567828655243,0.2895859181880951,-0.28958600759506226,-0.0027697342447936535,0.10019421577453613,-0.00040813564555719495
1,1,2367,1.0,5,2,0.01,5,0.1232307180762291,0.2895861864089966,-0.28958600759506226,-0.0025729304179549217,0.10019407421350479,-0.00037913460982963443
1,0,12866,0.5108823776245117,5,3,0.01,1,5.281356334686279,-0.1017712652683258,-0.1017712652683258,0.1328687220811844,-0.005966056138277054,0.0009675316978245974
1,0,12866,0.5108823776245117,5,3,0.01,2,4.121204853057861,-0.028718529269099236,-0.10499663650989532,0.02925758622586727,0.011743304319679737,-0.001486096065491438
1,0,12866,0.5108823776245117,5,3,0.01,3,3.827094078063965,-0.006032363977283239,-0.1014542430639267,0.005707011558115482,-0.009932895191013813,0.0011672864202409983
1,0,12866,0.5108823776245117,5,3,0.01,4,3.7556304931640625,0.005475704558193684,-0.0941639244556427,-0.0050836424343287945,-0.0011123056756332517,0.00012827423051930964
1,0,12866,0.5108823776245117,5,3,0.01,5,3.6526482105255127,0.005265978630632162,-0.09049361199140549,-0.004754873923957348,0.00442535663023591,-0.000496350578032434
1,3,8675,0.6154587268829346,5,3,0.01,1,4.03007698059082,-0.11449980735778809,-0.11449980735778809,0.08488297462463379,-0.0002430901804473251,3.0082446755841374e-05
1,3,8675,0.6154587268829346,5,3,0.01,2,2.6222875118255615,-0.04089966416358948,-0.1258089393377304,0.01972888596355915,0.018749721348285675,-0.0015097586438059807
1,3,8675,0.6154587268829346,5,3,0.01,3,2.6895976066589355,-0.032787807285785675,-0.13184134662151337,0.016221916303038597,-0.005672766827046871,0.0004685054300352931
1,3,8675,0.6154587268829346,5,3,0.01,4,2.628161668777466,-0.024861058220267296,-0.13666850328445435,0.012019162066280842,-0.0045426818542182446,0.00036660366458818316
1,3,8675,0.6154587268829346,5,3,0.01,5,2.8302483558654785,-0.02400784380733967,-0.14105230569839478,0.012499142438173294,-0.013939861208200455,0.0012114776764065027
2,0,12866,0.5108823776245117,5,3,0.01,1,5.173924922943115,-0.06297874450683594,-0.06297874450683594,0.4079383611679077,0.04086536169052124,-0.14232896268367767
2,0,12866,0.5108823776245117,5,3,0.01,2,3.5413315296173096,0.008626269176602364,-0.051181431859731674,-0.038244590163230896,-0.021564170718193054,0.05140639841556549
2,0,12866,0.5108823776245117,5,3,0.01,3,3.3947594165802,0.0007798009901307523,-0.04845885559916496,-0.003314157947897911,0.0008739767363294959,-0.00199722358956933
2,0,12866,0.5108823776245117,5,3,0.01,4,3.4279520511627197,-0.007182166446000338,-0.0511615015566349,0.030822694301605225,-0.004390161484479904,0.01013055071234703
2,0,12866,0.5108823776245117,5,3,0.01,5,3.2963850498199463,0.008012095466256142,-0.04688737541437149,-0.03306468948721886,0.007733469363301992,-0.017160506919026375
2,4,15627,0.4309428930282593,5,4,0.01,1,5.260079860687256,-0.04603113606572151,-0.04603113606572151,0.4643342196941376,0.021366877481341362,-0.07565736770629883
2,4,15627,0.4309428930282593,5,4,0.01,2,3.9938316345214844,0.01449616625905037,-0.03076733835041523,-0.11102725565433502,0.007540814112871885,-0.02027336321771145
2,4,15627,0.4309428930282593,5,4,0.01,3,3.834981679916382,-0.008760976605117321,-0.03526226058602333,0.06443212926387787,-0.013152024708688259,0.03395265340805054
2,4,15627,0.4309428930282593,5,4,0.01,4,3.8084769248962402,-0.0024481595028191805,-0.03616437315940857,0.01788041926920414,0.004029795527458191,-0.010331233032047749
2,4,15627,0.4309428930282593,5,4,0.01,5,3.818817377090454,0.01002750638872385,-0.029480185359716415,-0.07343591749668121,-0.002687634900212288,0.006909028626978397
2,3,8675,0.6154587268829346,5,3,0.01,1,4.102379322052002,-0.017311781644821167,-0.017311781644821167,0.08137591183185577,0.05393051356077194,-0.1489320546388626
2,3,8675,0.6154587268829346,5,3,0.01,2,3.022639751434326,-0.015475848689675331,-0.024222200736403465,0.05359930545091629,-0.015824951231479645,0.03219931200146675
2,3,8675,0.6154587268829346,5,3,0.01,3,2.902358293533325,-0.0056633735075592995,-0.0252031572163105,0.018834084272384644,-0.008038828149437904,0.015705853700637817
2,3,8675,0.6154587268829346,5,3,0.01,4,2.896334171295166,0.00898029375821352,-0.019066842272877693,-0.029802832752466202,0.011790030635893345,-0.02298695407807827
2,3,8675,0.6154587268829346,5,3,0.01,5,2.8809995651245117,-0.016818733885884285,-0.026346778497099876,0.0555206835269928,-0.01893129013478756,0.03671480342745781
2,2,5468,0.8221529324849447,5,3,0.01,1,2.548339605331421,-0.11995846778154373,-0.11995846778154373,0.22592571377754211,0.08617126941680908,-0.14782150089740753
2,2,5468,0.8221529324849447,5,3,0.01,2,1.878166675567627,0.0013229191536083817,-0.09735056012868881,-0.001836305484175682,-0.01878567971289158,0.02375083416700363
2,2,5468,0.8221529324849447,5,3,0.01,3,1.9338939189910889,-0.004470194689929485,-0.08686665445566177,0.006389053538441658,-0.004467361140996218,0.005815694108605385
2,2,5468,0.8221529324849447,5,3,0.01,4,1.8210701942443848,0.018879378214478493,-0.07180347293615341,-0.02540925145149231,-0.0007412989507429302,0.0009087363141588867
2,2,5468,0.8221529324849447,5,3,0.01,5,1.8483444452285767,0.02774243988096714,-0.05496863275766373,-0.0378970168530941,0.011039931327104568,-0.013736216351389885
2,1,2367,1.0,5,2,0.01,1,2.02079439163208,-0.38128378987312317,-0.38128378987312317,0.7391449809074402,-0.2693386673927307,0.366385817527771
2,1,2367,1.0,5,2,0.01,2,0.14242511987686157,0.3813017010688782,-0.3812824487686157,-0.05209720879793167,0.2693634629249573,-0.02582516521215439
2,1,2367,1.0,5,2,0.01,3,0.1334451138973236,0.3812330961227417,-0.38128623366355896,-0.0488036647439003,0.26929622888565063,-0.024190830066800117
2,1,2367,1.0,5,2,0.01,4,0.12395932525396347,0.3812013268470764,-0.3812926709651947,-0.04533073306083679,0.26928651332855225,-0.022470442578196526
2,1,2367,1.0,5,2,0.01,5,0.11394097656011581,0.36794301867485046,-0.38204118609428406,-0.04021792486310005,0.2611326277256012,-0.020028982311487198
3,1,2367,1.0,5,2,0.01,1,2.0125515460968018,-0.23299792408943176,-0.23299792408943176,0.9605064392089844,-0.13825742900371552,0.4684182107448578
3,1,2367,1.0,5,2,0.01,2,0.1414978951215744,0.2323513627052307,-0.23304541409015656,-0.06734362244606018,0.13773876428604126,-0.032809868454933167
3,1,2367,1.0,5,2,0.01,3,0.13286978006362915,0.22814702987670898,-0.23312535881996155,-0.06209294870495796,0.1391538381576538,-0.031125742942094803
3,1,2367,1.0,5,2,0.01,4,0.12290214747190475,0.23221392929553986,-0.2331865131855011,-0.05845867842435837,0.13841569423675537,-0.028638027608394623
3,1,2367,1.0,5,2,0.01,5,0.11360359191894531,0.23126451671123505,-0.23331676423549652,-0.05381487309932709,0.1372767835855484,-0.026253515854477882
3,0,12866,0.5108823776245117,5,3,0.01,1,4.598299980163574,-0.08518312871456146,-0.08518312871456146,0.813165545463562,0.007443117909133434,-0.057616982609033585
3,0,12866,0.5108823776245117,5,3,0.01,2,3.3184471130371094,0.03427319973707199,-0.054875586181879044,-0.23611173033714294,0.027531318366527557,-0.15380138158798218
3,0,12866,0.5108823776245117,5,3,0.01,3,3.208159923553467,0.0034758460242301226,-0.0504942424595356,-0.023149657994508743,-0.011199327185750008,0.06048479676246643
3,0,12866,0.5108823776245117,5,3,0.01,4,3.2795629501342773,-0.003647030796855688,-0.050507426261901855,0.02483038231730461,-0.011168294586241245,0.061659663915634155
3,0,12866,0.5108823776245117,5,3,0.01,5,3.3046669960021973,0.01049799844622612,-0.043296489864587784,-0.07202152162790298,0.020333699882030487,-0.11312078684568405
3,3,8675,0.6154587268829346,5,3,0.01,1,4.00511360168457,-0.046030864119529724,-0.046030864119529724,0.35626113414764404,0.031885892152786255,-0.21498675644397736
3,3,8675,0.6154587268829346,5,3,0.01,2,2.895991563796997,0.03510231524705887,-0.017622945830225945,-0.19644343852996826,0.023925038054585457,-0.11664019525051117
3,3,8675,0.6154587268829346,5,3,0.01,3,2.891357421875,0.0077373008243739605,-0.011749395169317722,-0.043231043964624405,0.009736179374158382,-0.04739020764827728
3,3,8675,0.6154587268829346,5,3,0.01,4,2.8427443504333496,-0.022351298481225967,-0.023165419697761536,0.12278492748737335,-0.021355831995606422,0.10220040380954742
3,3,8675,0.6154587268829346,5,3,0.01,5,2.802091121673584,0.02752290479838848,-0.008514928631484509,-0.14903250336647034,0.0191180519759655,-0.09018290787935257
3,2,5468,0.8221529324849447,5,3,0.01,1,2.6249756813049316,-0.047877807170152664,-0.047877807170152664,0.20210479199886322,0.0447416827082634,-0.19771331548690796
3,2,5468,0.8221529324849447,5,3,0.01,2,1.8766933679580688,0.015550496056675911,-0.030059849843382835,-0.04693043977022171,0.011160769499838352,-0.03526028245687485
3,2,5468,0.8221529324849447,5,3,0.01,3,1.743487000465393,0.00858980417251587,-0.022718284279108047,-0.024083469063043594,0.005589882843196392,-0.016406644135713577
3,2,5468,0.8221529324849447,5,3,0.01,4,1.808303952217102,-1.4487579392152838e-05,-0.020954664796590805,4.2129307985305786e-05,-0.021768704056739807,0.06626776605844498
3,2,5468,0.8221529324849447,5,3,0.01,5,1.8854777812957764,0.036920711398124695,-0.002851257799193263,-0.1119459941983223,0.03531680628657341,-0.11209885030984879
3,4,15627,0.4309428930282593,5,4,0.01,1,4.498444557189941,-0.06019308418035507,-0.06019308418035507,0.7876788973808289,0.04164799302816391,-0.31539496779441833
3,4,15627,0.4309428930282593,5,4,0.01,2,3.736990213394165,0.021370844915509224,-0.03678075969219208,-0.23231856524944305,0.02249789424240589,-0.1415344476699829
3,4,15627,0.4309428930282593,5,4,0.01,3,3.615177631378174,-0.01276534702628851,-0.04390128329396248,0.134246364235878,-0.01549832709133625,0.09432195127010345
3,4,15627,0.4309428930282593,5,4,0.01,4,3.6887500286102295,-0.004133867099881172,-0.045224908739328384,0.04435841366648674,-0.00036284016096033156,0.0022531645372509956
3,4,15627,0.4309428930282593,5,4,0.01,5,3.6555728912353516,0.015747878700494766,-0.034671999514102936,-0.16746258735656738,0.00461370637640357,-0.028392504900693893
4,2,5468,0.8221529324849447,5,3,0.01,1,2.6495189666748047,-0.057021208107471466,-0.057021208107471466,0.421644389629364,0.02378831058740616,-0.17946234345436096
4,2,5468,0.8221529324849447,5,3,0.01,2,1.8660154342651367,0.03856714069843292,-0.0246939267963171,-0.20085173845291138,0.023338180035352707,-0.1240009218454361
4,2,5468,0.8221529324849447,5,3,0.01,3,1.982468843460083,0.02142760343849659,-0.009838858619332314,-0.11855581402778625,0.01749333366751671,-0.09874648600816727
4,2,5468,0.8221529324849447,5,3,0.01,4,1.857196569442749,-0.01887519843876362,-0.017852989956736565,0.09783457219600677,-0.0260397307574749,0.13770098984241486
4,2,5468,0.8221529324849447,5,3,0.01,5,1.9920397996902466,0.020105557516217232,-0.0072344630025327206,-0.11177817732095718,0.01246057078242302,-0.07067708671092987
4,4,15627,0.4309428930282593,5,4,0.01,1,4.05012321472168,-0.07073304057121277,-0.07073304057121277,1.2652015686035156,0.020738011226058006,-0.23915420472621918
4,4,15627,0.4309428930282593,5,4,0.01,2,3.5754880905151367,-0.003920719493180513,-0.06447991728782654,0.06191135197877884,-0.007685032673180103,0.0782390758395195
4,4,15627,0.4309428930282593,5,4,0.01,3,3.597618579864502,-0.007118614856153727,-0.0652148649096489,0.11310446262359619,-0.01046003121882677,0.10714966058731079
4,4,15627,0.4309428930282593,5,4,0.01,4,3.518890380859375,0.0345347598195076,-0.04018760472536087,-0.536699652671814,0.03928937390446663,-0.3936620354652405
4,4,15627,0.4309428930282593,5,4,0.01,5,3.6029319763183594,-0.019830822944641113,-0.05287296697497368,0.3155483603477478,-0.030552448704838753,0.31343305110931396
4,1,2367,1.0,5,2,0.01,1,1.9041272401809692,-0.17862272262573242,-0.17862272262573242,1.1007003784179688,-0.10253235697746277,0.5559037327766418
4,1,2367,1.0,5,2,0.01,2,0.134231299161911,0.17861823737621307,-0.1786230355501175,-0.07759184390306473,0.10252998024225235,-0.0391874834895134
4,1,2367,1.0,5,2,0.01,3,0.12529878318309784,0.1779298335313797,-0.1786668449640274,-0.07214929163455963,0.10202743858098984,-0.03640042990446091
4,1,2367,1.0,5,2,0.01,4,0.11680428683757782,0.17861802875995636,-0.17867057025432587,-0.06751815229654312,0.10252652317285538,-0.03409868851304054
4,1,2367,1.0,5,2,0.01,5,0.10847533494234085,0.17856179177761078,-0.17867878079414368,-0.06268389523029327,0.10249494016170502,-0.03165746480226517
4,3,8675,0.6154587268829346,5,3,0.01,1,3.777156352996826,-0.04470236971974373,-0.04470236971974373,0.49693000316619873,0.040538638830184937,-0.43599027395248413
4,3,8675,0.6154587268829346,5,3,0.01,2,2.879739999771118,0.011123321019113064,-0.03088242933154106,-0.09427303075790405,-0.008819214068353176,0.07231457531452179
4,3,8675,0.6154587268829346,5,3,0.01,3,2.6961188316345215,0.024443361908197403,-0.014829154126346111,-0.19395442306995392,0.011864041909575462,-0.09107818454504013
4,3,8675,0.6154587268829346,5,3,0.01,4,2.7240443229675293,0.02602706104516983,-2.8490878776210593e-06,-0.20865990221500397,0.01259571872651577,-0.09769667685031891
4,3,8675,0.6154587268829346,5,3,0.01,5,2.7733845710754395,-0.023531334474682808,-0.01235039159655571,0.19206859171390533,-0.02125205285847187,0.16782385110855103
4,0,12866,0.5108823776245117,5,3,0.01,1,3.9702725410461426,-0.08311410248279572,-0.08311410248279572,0.915748119354248,0.05232052505016327,-0.5914732217788696
4,0,12866,0.5108823776245117,5,3,0.01,2,3.1491966247558594,-0.00518063036724925,-0.07598210126161575,0.045275505632162094,-0.02386741153895855,0.21401675045490265
4,0,12866,0.5108823776245117,5,3,0.01,3,3.0758800506591797,0.011918889358639717,-0.0642034262418747,-0.10173869132995605,0.003802828025072813,-0.03330571576952934
4,0,12866,0.5108823776245117,5,3,0.01,4,3.0680975914001465,0.0005746057722717524,-0.06274420022964478,-0.00489237904548645,-0.020640039816498756,0.18031106889247894
4,0,12866,0.5108823776245117,5,3,0.01,5,3.122844934463501,0.01182967983186245,-0.053892236202955246,-0.10251899808645248,0.017100168392062187,-0.15205249190330505
5,4,15627,0.4309428930282593,5,4,0.01,1,3.97047758102417,-0.06332384794950485,-0.06332384794950485,1.8186516761779785,0.005183400120586157,-0.1060432493686676
5,4,15627,0.4309428930282593,5,4,0.01,2,3.606710195541382,-0.0042642867192626,-0.05865057557821274,0.11124925315380096,-0.009306672029197216,0.1729542315006256
5,4,15627,0.4309428930282593,5,4,0.01,3,3.526632308959961,0.02277589589357376,-0.039294999092817307,-0.5809986591339111,0.01378687098622322,-0.25052520632743835
5,4,15627,0.4309428930282593,5,4,0.01,4,3.5567522048950195,-0.0165534857660532,-0.04999683424830437,0.42587536573410034,-0.008377250283956528,0.15352553129196167
5,4,15627,0.4309428930282593,5,4,0.01,5,3.5986287593841553,0.015608620829880238,-0.03814329206943512,-0.406294584274292,0.01308178249746561,-0.24256575107574463
5,3,8675,0.6154587268829346,5,3,0.01,1,3.6174094676971436,-0.013318928889930248,-0.013318928889930248,0.20861339569091797,0.05251660943031311,-0.9788584113121033
5,3,8675,0.6154587268829346,5,3,0.01,2,2.6893091201782227,-0.0035163001157343388,-0.01383458822965622,0.04094509407877922,-0.017105767503380775,0.23703297972679138
5,3,8675,0.6154587268829346,5,3,0.01,3,2.6946451663970947,-0.004915288649499416,-0.015549260191619396,0.05734899640083313,-0.011887245811522007,0.165047287940979
5,3,8675,0.6154587268829346,5,3,0.01,4,2.6771578788757324,0.0006254278123378754,-0.014267366379499435,-0.007249806076288223,-0.004765262361615896,0.06573343276977539
5,3,8675,0.6154587268829346,5,3,0.01,5,2.706085443496704,-0.003766649169847369,-0.015621616505086422,0.044133856892585754,-0.0029838343616575003,0.04160463809967041
5,2,5468,0.8221529324849447,5,3,0.01,1,2.8156049251556396,0.014597808942198753,0.014597808942198753,-0.17464038729667664,0.07064781337976456,-1.02493417263031
5,2,5468,0.8221529324849447,5,3,0.01,2,1.9676811695098877,-0.01741579920053482,0.0020308219827711582,0.1456073820590973,-0.02639853022992611,0.26764553785324097
5,2,5468,0.8221529324849447,5,3,0.01,3,1.9006876945495605,-0.015485769137740135,-0.006038456689566374,0.1250629872083664,-0.026155367493629456,0.25615161657333374
5,2,5468,0.8221529324849447,5,3,0.01,4,1.961753249168396,0.018607843667268753,0.0033976181875914335,-0.15510496497154236,0.012725277803838253,-0.12862849235534668
5,2,5468,0.8221529324849447,5,3,0.01,5,2.165607452392578,-0.009696033783257008,-0.0015730547020211816,0.0892193615436554,-0.013673118315637112,0.15257129073143005
5,1,2367,1.0,5,2,0.01,1,1.6948645114898682,-0.28760918974876404,-0.28760918974876404,2.837951183319092,-0.27054956555366516,2.3626933097839355
5,1,2367,1.0,5,2,0.01,2,0.1193966493010521,0.28745847940444946,-0.2876202464103699,-0.19981791079044342,0.2704077363014221,-0.16635535657405853
5,1,2367,1.0,5,2,0.01,3,0.11187738925218582,0.28771504759788513,-0.2876129150390625,-0.18740105628967285,0.2706505358219147,-0.15601873397827148
5,1,2367,1.0,5,2,0.01,4,0.10392575711011887,0.2875891923904419,-0.287614643573761,-0.17400547862052917,0.2705344557762146,-0.14486761391162872
5,1,2367,1.0,5,2,0.01,5,0.09650979191064835,0.28758320212364197,-0.2876169979572296,-0.16158537566661835,0.2705252170562744,-0.13452550768852234
5,0,12866,0.5108823776245117,5,3,0.01,1,3.6664645671844482,-0.0375223383307457,-0.0375223383307457,0.7820519208908081,0.03613339364528656,-0.682624340057373
5,0,12866,0.5108823776245117,5,3,0.01,2,3.1075246334075928,-0.0018776576034724712,-0.03367555886507034,0.03316875547170639,-0.007711412850767374,0.12347359210252762
5,0,12866,0.5108823776245117,5,3,0.01,3,3.000548839569092,-0.007477781269699335,-0.03708146512508392,0.12754741311073303,-0.014080009423196316,0.21768532693386078
5,0,12866,0.5108823776245117,5,3,0.01,4,3.1046102046966553,0.01839684322476387,-0.023306161165237427,-0.3246747851371765,0.01156777236610651,-0.18504711985588074
5,0,12866,0.5108823776245117,5,3,0.01,5,3.060835838317871,-0.010211815126240253,-0.02964155748486519,0.1776810884475708,-0.01002547051757574,0.1581140011548996
6,0,12866,0.5108823776245117,5,3,0.01,1,3.6729941368103027,-0.0751332938671112,-0.0751332938671112,1.4330629110336304,0.010448482818901539,-0.1679706871509552
6,0,12866,0.5108823776245117,5,3,0.01,2,3.081205368041992,0.02139914594590664,-0.05130092427134514,-0.3423967957496643,0.004921741783618927,-0.06637422740459442
6,0,12866,0.5108823776245117,5,3,0.01,3,3.112041473388672,0.001456889440305531,-0.04664173722267151,-0.023544233292341232,-0.006632550619542599,0.0903412252664566
6,0,12866,0.5108823776245117,5,3,0.01,4,3.059495449066162,-0.016912059858441353,-0.056891392916440964,0.26869457960128784,-0.011284880340099335,0.15111471712589264
6,0,12866,0.5108823776245117,5,3,0.01,5,3.12668776512146,-0.0022290581837296486,-0.056600820273160934,0.03619249165058136,-0.005751481745392084,0.07870897650718689
6,3,8675,0.6154587268829346,5,3,0.01,1,3.552295207977295,-0.03856607899069786,-0.03856607899069786,0.49787354469299316,0.059342581778764725,-0.9226468801498413
6,3,8675,0.6154587268829346,5,3,0.01,2,2.6772215366363525,-0.0033830669708549976,-0.035568371415138245,0.032915420830249786,-0.014789982698857784,0.17330536246299744
6,3,8675,0.6154587268829346,5,3,0.01,3,2.713540554046631,0.0017472758190706372,-0.031306348741054535,-0.017230674624443054,-0.00749974325299263,0.08907230943441391
6,3,8675,0.6154587268829346,5,3,0.01,4,2.74918794631958,0.009763634763658047,-0.023984352126717567,-0.0975484699010849,0.001178719918243587,-0.014183226972818375
6,3,8675,0.6154587268829346,5,3,0.01,5,2.7186625003814697,-0.00482178432866931,-0.025869220495224,0.04763954132795334,-0.012295789085328579,0.14630922675132751
6,1,2367,1.0,5,2,0.01,1,1.7208104133605957,-0.252551794052124,-0.252551794052124,2.1777029037475586,-0.22844523191452026,1.7205811738967896
6,1,2367,1.0,5,2,0.01,2,0.12131892144680023,0.2525346279144287,-0.25255313515663147,-0.153519868850708,0.22842955589294434,-0.12129442393779755
6,1,2367,1.0,5,2,0.01,3,0.11361922323703766,0.2525946795940399,-0.2525499165058136,-0.1438106745481491,0.2284880131483078,-0.11362535506486893
6,1,2367,1.0,5,2,0.01,4,0.10549446195363998,0.25256288051605225,-0.25254887342453003,-0.13351015746593475,0.22846020758152008,-0.10548732429742813
6,1,2367,1.0,5,2,0.01,5,0.09781982749700546,0.2524782121181488,-0.2525536119937897,-0.12375590205192566,0.22836817800998688,-0.09777380526065826
6,2,5468,0.8221529324849447,5,3,0.01,1,2.878994941711426,0.007900101132690907,0.007900101132690907,-0.08416791260242462,0.07164398580789566,-0.9027774333953857
6,2,5468,0.8221529324849447,5,3,0.01,2,2.001032829284668,-0.0011013277107849717,0.005983989220112562,0.008155371993780136,-0.0046568880788981915,0.04078589752316475
6,2,5468,0.8221529324849447,5,3,0.01,3,2.0309016704559326,-0.001316521898843348,0.004609877243638039,0.009894412010908127,-0.006660820450633764,0.0592074878513813
6,2,5468,0.8221529324849447,5,3,0.01,4,2.118896245956421,-0.007067801896482706,0.0006778995739296079,0.05542006716132164,-0.015648452565073967,0.145124614238739
6,2,5468,0.8221529324849447,5,3,0.01,5,2.149003744125366,-0.018507646396756172,-0.008050608448684216,0.14718425273895264,-0.02213263139128685,0.20817580819129944
6,4,15627,0.4309428930282593,5,4,0.01,1,3.785572052001953,-0.06069047003984451,-0.06069047003984451,1.4597647190093994,0.026892662048339844,-0.4455796480178833
6,4,15627,0.4309428930282593,5,4,0.01,2,3.5363922119140625,-0.009010354056954384,-0.06096440553665161,0.20245715975761414,-0.019041836261749268,0.29473334550857544
6,4,15627,0.4309428930282593,5,4,0.01,3,3.448376178741455,-0.002717129187658429,-0.05994032323360443,0.05953272804617882,-0.005360527895390987,0.08090627193450928
6,4,15627,0.4309428930282593,5,4,0.01,4,3.5186927318573,-0.006813282612711191,-0.06305339187383652,0.1523241102695465,-0.004959213547408581,0.07637551426887512
6,4,15627,0.4309428930282593,5,4,0.01,5,3.5025393962860107,0.013315892778337002,-0.0524972639977932,-0.2963358759880066,0.02581760101020336,-0.3957846462726593
7,1,2367,1.0,5,2,0.01,1,1.79746675491333,-0.34178248047828674,-0.34178248047828674,2.4938406944274902,-0.31551602482795715,1.953003168106079
7,1,2367,1.0,5,2,0.01,2,0.1267411708831787,0.3417738676071167,-0.3417830765247345,-0.17583876848220825,0.31550896167755127,-0.13770513236522675
7,1,2367,1.0,5,2,0.01,3,0.1186874657869339,0.34176546335220337,-0.34178441762924194,-0.16466113924980164,0.3155025839805603,-0.12895211577415466
7,1,2367,1.0,5,2,0.01,4,0.11017748713493347,0.3417558968067169,-0.3417864739894867,-0.15285052359104156,0.3154973089694977,-0.11970414966344833
7,1,2367,1.0,5,2,0.01,5,0.10219614952802658,0.3419322371482849,-0.3417739272117615,-0.14185109734535217,0.3157081604003906,-0.11110690236091614
7,3,8675,0.6154587268829346,5,3,0.01,1,3.6017892360687256,-0.04196261614561081,-0.04196261614561081,0.5038427710533142,0.07465635985136032,-0.9259889125823975
7,3,8675,0.6154587268829346,5,3,0.01,2,2.7347161769866943,-0.007800494320690632,-0.041619256138801575,0.07111293077468872,-0.012339979410171509,0.11621104180812836
7,3,8675,0.6154587268829346,5,3,0.01,3,2.611090898513794,-0.0023876274935901165,-0.04032684117555618,0.02078273706138134,-0.027073366567492485,0.24343609809875488
7,3,8675,0.6154587268829346,5,3,0.01,4,2.7818825244903564,-0.0004775648994836956,-0.03810269385576248,0.0044287932105362415,-0.01630941964685917,0.15624207258224487
7,3,8675,0.6154587268829346,5,3,0.01,5,2.786341667175293,-0.009253401309251785,-0.04182139411568642,0.0859508067369461,-0.005125506315380335,0.049180373549461365
7,0,12866,0.5108823776245117,5,3,0.01,1,3.6045081615448,-0.09971651434898376,-0.09971651434898376,1.4084649085998535,0.047852154821157455,-0.5939750671386719
7,0,12866,0.5108823776245117,5,3,0.01,2,3.0797219276428223,0.014144360087811947,-0.07875894755125046,-0.17069773375988007,0.0032722584437578917,-0.034704022109508514
7,0,12866,0.5108823776245117,5,3,0.01,3,3.143428087234497,-0.009693105705082417,-0.08047155290842056,0.11939865350723267,-0.021877553313970566,0.23682251572608948
7,0,12866,0.5108823776245117,5,3,0.01,4,3.093850612640381,0.004469790030270815,-0.07549088448286057,-0.05419003218412399,0.00035610966733656824,-0.003794056363403797
7,0,12866,0.5108823776245117,5,3,0.01,5,2.9896628856658936,-0.005520964507013559,-0.07912077754735947,0.06468001753091812,-0.021966932341456413,0.22615820169448853
7,2,5468,0.8221529324849447,5,3,0.01,1,2.9005701541900635,0.021125655621290207,0.021125655621290207,-0.22617602348327637,0.10498934984207153,-1.0486953258514404
7,2,5468,0.8221529324849447,5,3,0.01,2,1.9767059087753296,0.0006498195580206811,0.01845628023147583,-0.00474119558930397,-0.013258663937449455,0.09025318175554276
7,2,5468,0.8221529324849447,5,3,0.01,3,2.1251447200775146,-0.01235457044094801,0.009351999498903751,0.09691013395786285,-0.02759234979748726,0.20192863047122955
7,2,5468,0.8221529324849447,5,3,0.01,4,2.1974050998687744,-0.005778367165476084,0.00548512814566493,0.04686712473630905,-0.008412760682404041,0.0636603981256485
7,2,5468,0.8221529324849447,5,3,0.01,5,2.3639562129974365,0.00713840126991272,0.008590683341026306,-0.06228642910718918,0.008762245997786522,-0.07133054733276367
7,4,15627,0.4309428930282593,5,4,0.01,1,3.588984727859497,-0.10916567593812943,-0.10916567593812943,2.1626527309417725,-0.002695048227906227,0.033308789134025574
7,4,15627,0.4309428930282593,5,4,0.01,2,3.4886634349823,0.004674376919865608,-0.09006944298744202,-0.09001436829566956,-0.004616645164787769,0.05546337366104126
7,4,15627,0.4309428930282593,5,4,0.01,3,3.593566656112671,-0.0036192843690514565,-0.08624138683080673,0.07179223746061325,-0.007882077246904373,0.0975409671664238
7,4,15627,0.4309428930282593,5,4,0.01,4,3.4742677211761475,0.02042059414088726,-0.07055354863405228,-0.39161625504493713,0.01746349409222603,-0.2089368999004364
7,4,15627,0.4309428930282593,5,4,0.01,5,3.5420029163360596,-0.016365941613912582,-0.08077322691679001,0.31997716426849365,-0.004452992230653763,0.054315220564603806
8,1,2367,1.0,5,2,0.01,1,1.7912770509719849,-0.3266778886318207,-0.3266778886318207,3.9284870624542236,-0.31635230779647827,3.4188082218170166
8,1,2367,1.0,5,2,0.01,2,0.1262485682964325,0.32671916484832764,-0.3266747295856476,-0.2769133448600769,0.31639114022254944,-0.2409859597682953
8,1,2367,1.0,5,2,0.01,3,0.11830302327871323,0.32667940855026245,-0.32667437195777893,-0.25945401191711426,0.3163537085056305,-0.22579263150691986
8,1,2367,1.0,5,2,0.01,4,0.10982537269592285,0.32683810591697693,-0.3266615569591522,-0.2409784346818924,0.31650784611701965,-0.2097143530845642
8,1,2367,1.0,5,2,0.01,5,0.10199475288391113,0.32668787240982056,-0.3266594111919403,-0.2236936390399933,0.3163592219352722,-0.19467011094093323
8,4,15627,0.4309428930282593,5,4,0.01,1,3.8347532749176025,-0.07019300013780594,-0.07019300013780594,2.2735161781311035,-0.006237748544663191,0.1443132758140564
8,4,15627,0.4309428930282593,5,4,0.01,2,3.5456507205963135,0.00944027304649353,-0.05676446110010147,-0.28271397948265076,0.007964207790791988,-0.170364648103714
8,4,15627,0.4309428930282593,5,4,0.01,3,3.6090404987335205,-0.0034149542916566133,-0.05622684210538864,0.10409826040267944,-0.010677834041416645,0.2324962168931961
8,4,15627,0.4309428930282593,5,4,0.01,4,3.4370901584625244,0.005054884124547243,-0.052929751574993134,-0.1467469036579132,-0.002934349700808525,0.06084764003753662
8,4,15627,0.4309428930282593,5,4,0.01,5,3.495652675628662,0.005428101867437363,-0.04772346466779709,-0.16026660799980164,0.01143777184188366,-0.24121853709220886
8,3,8675,0.6154587268829346,5,3,0.01,1,3.6352078914642334,-0.024642108008265495,-0.024642108008265495,0.44259053468704224,0.048076216131448746,-1.0543880462646484
8,3,8675,0.6154587268829346,5,3,0.01,2,2.777202606201172,-0.014625255018472672,-0.03153735026717186,0.20068088173866272,-0.014418336562812328,0.2415815144777298
8,3,8675,0.6154587268829346,5,3,0.01,3,2.898296594619751,0.012254427187144756,-0.020582763478159904,-0.17548128962516785,0.001724332687444985,-0.03015121817588806
8,3,8675,0.6154587268829346,5,3,0.01,4,2.844590663909912,-0.014776584692299366,-0.02841390296816826,0.2076772153377533,-0.02209118753671646,0.3791227340698242
8,3,8675,0.6154587268829346,5,3,0.01,5,2.688565254211426,0.003502203617244959,-0.026317806914448738,-0.04652184620499611,-0.0012924548937007785,0.020964136347174644
8,2,5468,0.8221529324849447,5,3,0.01,1,2.965013265609741,0.029229823499917984,0.029229823499917984,-0.4507485330104828,0.07584048807621002,-1.3566529750823975
8,2,5468,0.8221529324849447,5,3,0.01,2,2.1445658206939697,-0.02231132984161377,0.010973849333822727,0.24885495007038116,-0.03233238682150841,0.418329119682312
8,2,5468,0.8221529324849447,5,3,0.01,3,2.232807159423828,0.003077178727835417,0.011287534609436989,-0.03573431074619293,0.008199037984013557,-0.11044730246067047
8,2,5468,0.8221529324849447,5,3,0.01,4,2.3799736499786377,0.0037051797844469547,0.012166018597781658,-0.04586304724216461,-0.0088425911962986,0.12696751952171326
8,2,5468,0.8221529324849447,5,3,0.01,5,2.416299343109131,0.003107034834101796,0.0128848347812891,-0.039046160876750946,0.0036187791265547276,-0.052753809839487076
8,0,12866,0.5108823776245117,5,3,0.01,1,3.5233001708984375,-0.04304033890366554,-0.04304033890366554,1.0608526468276978,0.036018695682287216,-0.7656294107437134
8,0,12866,0.5108823776245117,5,3,0.01,2,3.047642469406128,0.007958047091960907,-0.03208703175187111,-0.16966810822486877,-0.00025526960962451994,0.00469357892870903
8,0,12866,0.5108823776245117,5,3,0.01,3,2.9396207332611084,-0.007687576115131378,-0.03691525012254715,0.158092200756073,-0.012929923832416534,0.22931277751922607
8,0,12866,0.5108823776245117,5,3,0.01,4,2.887482166290283,0.0043036132119596004,-0.033395297825336456,-0.08693251758813858,-0.006622325163334608,0.11536411941051483
8,0,12866,0.5108823776245117,5,3,0.01,5,2.964664936065674,-0.0076611218973994255,-0.03836827725172043,0.15889042615890503,-0.01128622330725193,0.20186695456504822
9,1,2367,1.0,5,2,0.01,1,1.7956502437591553,-0.2264571636915207,-0.2264571636915207,1.715937852859497,-0.1673094779253006,1.1362570524215698
9,1,2367,1.0,5,2,0.01,2,0.12658998370170593,0.2264237254858017,-0.22645966708660126,-0.1209525614976883,0.1672721803188324,-0.08008614182472229
9,1,2367,1.0,5,2,0.01,3,0.11852604150772095,0.22648175060749054,-0.2264578640460968,-0.11327674239873886,0.16731727123260498,-0.07500476390123367
9,1,2367,1.0,5,2,0.01,4,0.11002983152866364,0.22652989625930786,-0.22645218670368195,-0.10517917573451996,0.1673620194196701,-0.06964688003063202
9,1,2367,1.0,5,2,0.01,5,0.10173200815916061,0.22558417916297913,-0.22651071846485138,-0.09684117138385773,0.16644889116287231,-0.06404316425323486
9,4,15627,0.4309428930282593,5,4,0.01,1,3.5867602825164795,-0.12732091546058655,-0.12732091546058655,2.5017590522766113,-0.012241250835359097,0.16605901718139648
9,4,15627,0.4309428930282593,5,4,0.01,2,3.467040777206421,0.008638542145490646,-0.10559511184692383,-0.1640751212835312,-0.004589472431689501,0.06018052622675896
9,4,15627,0.4309428930282593,5,4,0.01,3,3.508151054382324,0.00723892729729414,-0.09453227370977402,-0.13912200927734375,-0.008136216551065445,0.10795308649539948
9,4,15627,0.4309428930282593,5,4,0.01,4,3.3982677459716797,-0.00829966552555561,-0.10236401855945587,0.15451174974441528,0.004450757056474686,-0.05720391497015953
9,4,15627,0.4309428930282593,5,4,0.01,5,3.4277071952819824,0.003927383106201887,-0.0973154827952385,-0.07374801486730576,-0.0032829660922288895,0.04256027191877365
9,0,12866,0.5108823776245117,5,3,0.01,1,3.5147688388824463,-0.06751197576522827,-0.06751197576522827,1.1583445072174072,0.0594465509057045,-0.7902376055717468
9,0,12866,0.5108823776245117,5,3,0.01,2,3.0414628982543945,-0.012514572590589523,-0.07115039974451065,0.1858055740594864,-0.03188619762659073,0.3667917549610138
9,0,12866,0.5108823776245117,5,3,0.01,3,2.960489511489868,0.006418364122509956,-0.06434328854084015,-0.09275728464126587,-0.014124848879873753,0.15815453231334686
9,0,12866,0.5108823776245117,5,3,0.01,4,2.8836700916290283,-0.005221495870500803,-0.06752687692642212,0.07350226491689682,0.005414738319814205,-0.059055086225271225
9,0,12866,0.5108823776245117,5,3,0.01,5,3.0903279781341553,0.0014636111445724964,-0.06335848569869995,-0.02207956090569496,-0.004280792083591223,0.05003374069929123
9,2,5468,0.8221529324849447,5,3,0.01,1,2.9940314292907715,0.025177951902151108,0.025177951902151108,-0.30521196126937866,0.13048164546489716,-1.477542757987976
9,2,5468,0.8221529324849447,5,3,0.01,2,2.2660903930664062,0.010690118186175823,0.02715233713388443,-0.09808091819286346,-0.0048440732061862946,0.04151664674282074
9,2,5468,0.8221529324849447,5,3,0.01,3,2.3256781101226807,0.004370886832475662,0.026312120258808136,-0.04115702211856842,-0.005435780622065067,0.04781297594308853
9,2,5468,0.8221529324849447,5,3,0.01,4,2.533414125442505,-0.014065836556255817,0.01603185012936592,0.14427681267261505,-0.0214563999325037,0.20558778941631317
9,2,5468,0.8221529324849447,5,3,0.01,5,2.602756977081299,0.011728773824870586,0.021141452714800835,-0.1235978752374649,-5.117795444675721e-05,0.0005037914961576462
9,3,8675,0.6154587268829346,5,3,0.01,1,3.485840320587158,-0.0499102883040905,-0.0499102883040905,0.6762894988059998,0.0697985589504242,-0.9202127456665039
9,3,8675,0.6154587268829346,5,3,0.01,2,2.858905076980591,0.0007516202749684453,-0.04195524379611015,-0.008352823555469513,-0.014051146805286407,0.1519307792186737
9,3,8675,0.6154587268829346,5,3,0.01,3,2.8601505756378174,-0.009208612143993378,-0.04446285218000412,0.10238070785999298,-0.02646639756858349,0.2862977981567383
9,3,8675,0.6154587268829346,5,3,0.01,4,2.719433546066284,0.012442875653505325,-0.035803087055683136,-0.13153286278247833,0.00431473646312952,-0.04437793046236038
9,3,8675,0.6154587268829346,5,3,0.01,5,2.862236738204956,-0.012120598927140236,-0.04165886715054512,0.134854257106781,-0.00964977964758873,0.10446172952651978
10,2,5468,0.8221529324849447,5,3,0.01,1,3.153670310974121,0.020552484318614006,0.020552484318614006,-0.3178597688674927,0.09289174526929855,-1.3568291664123535
10,2,5468,0.8221529324849447,5,3,0.01,2,2.2362186908721924,-0.0007071705185808241,0.017118649557232857,0.007755206432193518,-0.011859586462378502,0.12283314764499664
10,2,5468,0.8221529324849447,5,3,0.01,3,2.3836326599121094,0.0020241807214915752,0.016175344586372375,-0.023661568760871887,-0.008004182949662209,0.08836658298969269
10,2,5468,0.8221529324849447,5,3,0.01,4,2.437826633453369,-0.008016536943614483,0.01061401516199112,0.0958395004272461,-0.013698183000087738,0.1546669602394104
10,2,5468,0.8221529324849447,5,3,0.01,5,2.596283435821533,-0.009399769827723503,0.004852444399148226,0.1196807324886322,-0.012601821683347225,0.1515364795923233
10,0,12866,0.5108823776245117,5,3,0.01,1,3.473644971847534,-0.07011567056179047,-0.07011567056179047,1.3088905811309814,0.04299711063504219,-0.6917616128921509
10,0,12866,0.5108823776245117,5,3,0.01,2,2.95939040184021,-0.012316846288740635,-0.07434385269880295,0.1958865523338318,-0.02297973446547985,0.31497710943222046
10,0,12866,0.5108823776245117,5,3,0.01,3,2.8986458778381348,0.025811435654759407,-0.05335638299584389,-0.402077853679657,0.005524174310266972,-0.07416418939828873
10,0,12866,0.5108823776245117,5,3,0.01,4,3.0158345699310303,-0.023469164967536926,-0.06799222528934479,0.3803715407848358,-0.019535163417458534,0.27287033200263977
10,0,12866,0.5108823776245117,5,3,0.01,5,2.940587043762207,-0.00801341887563467,-0.07425493746995926,0.12663528323173523,-0.006680126301944256,0.09098094701766968
10,1,2367,1.0,5,2,0.01,1,1.6386994123458862,-0.2873915731906891,-0.2873915731906891,2.4669833183288574,-0.263092964887619,1.9968262910842896
10,1,2367,1.0,5,2,0.01,2,0.11531858146190643,0.2878645360469818,-0.2873528003692627,-0.1738922894001007,0.2635076642036438,-0.14074218273162842
10,1,2367,1.0,5,2,0.01,3,0.10724973678588867,0.2872554659843445,-0.2873161733150482,-0.16138285398483276,0.26299381256103516,-0.1306391954421997
10,1,2367,1.0,5,2,0.01,4,0.0999905988574028,0.28824102878570557,-0.2872372269630432,-0.15097597241401672,0.26384639739990234,-0.12219181656837463
10,1,2367,1.0,5,2,0.01,5,0.09258902072906494,0.28824055194854736,-0.2871459424495697,-0.1398000866174698,0.26391762495040894,-0.11317738890647888
10,4,15627,0.4309428930282593,5,4,0.01,1,3.6926229000091553,-0.09468568861484528,-0.09468568861484528,2.074835777282715,0.02089446783065796,-0.35735347867012024
10,4,15627,0.4309428930282593,5,4,0.01,2,3.431596040725708,-0.015136752277612686,-0.10273294895887375,0.3082430362701416,-0.036626771092414856,0.5821388363838196
10,4,15627,0.4309428930282593,5,4,0.01,3,3.5257601737976074,0.013432134874165058,-0.08449844270944595,-0.2810361683368683,0.01087434682995081,-0.17757739126682281
10,4,15627,0.4309428930282593,5,4,0.01,4,3.4697539806365967,-0.004851034842431545,-0.0889986902475357,0.09988436102867126,-0.0025731856003403664,0.04135248064994812
10,4,15627,0.4309428930282593,5,4,0.01,5,3.3899314403533936,0.007229405455291271,-0.08341886103153229,-0.14543132483959198,0.0014217763673514128,-0.02232307195663452
10,3,8675,0.6154587268829346,5,3,0.01,1,3.5821526050567627,-0.04502939432859421,-0.04502939432859421,0.7553588151931763,0.05283445119857788,-0.8765830397605896
10,3,8675,0.6154587268829346,5,3,0.01,2,2.812730073928833,-0.01764245703816414,-0.052059710025787354,0.23238077759742737,-0.03403092175722122,0.443336546421051
10,3,8675,0.6154587268829346,5,3,0.01,3,2.781672239303589,0.011823615059256554,-0.040747568011283875,-0.15401723980903625,0.005591917783021927,-0.07204411178827286
10,3,8675,0.6154587268829346,5,3,0.01,4,2.7848150730133057,-0.0038946960121393204,-0.04150434583425522,0.050790563225746155,-0.006191997788846493,0.07986544072628021
10,3,8675,0.6154587268829346,5,3,0.01,5,2.9838316440582275,-0.00087316008284688,-0.03987608477473259,0.012200603261590004,-0.011471410281956196,0.15853415429592133
