rows=6000  methods=['FedAVG', 'FedAvgM', 'FedHAD', 'FedProx']  alphas=[np.float64(0.01), np.float64(0.1), np.float64(1.0)]
seeds=[np.int64(42), np.int64(43), np.int64(44), np.int64(45), np.int64(46), np.int64(47), np.int64(48), np.int64(49), np.int64(50), np.int64(51)] (n=10)  rounds=[np.int64(1), np.int64(2), np.int64(3), np.int64(4), np.int64(5), np.int64(6), np.int64(7), np.int64(8), np.int64(9), np.int64(10)]  clients=[np.int64(0), np.int64(1), np.int64(2), np.int64(3), np.int64(4)]
 metodo  alpha  records  seeds  rounds  clients  empty_records  after_exclusion
 FedAVG   0.01      500     10      10        5             30              470
 FedAVG   0.10      500     10      10        5              0              500
 FedAVG   1.00      500     10      10        5              0              500
FedAvgM   0.01      500     10      10        5             30              470
FedAvgM   0.10      500     10      10        5              0              500
FedAvgM   1.00      500     10      10        5              0              500
 FedHAD   0.01      500     10      10        5             30              470
 FedHAD   0.10      500     10      10        5              0              500
 FedHAD   1.00      500     10      10        5              0              500
FedProx   0.01      500     10      10        5             30              470
FedProx   0.10      500     10      10        5              0              500
FedProx   1.00      500     10      10        5              0              500
empty (alpha, seed, client): (0.01,46,1), (0.01,48,4), (0.01,51,2)
                      rows    H  cos  E
alpha seed client_id                   
0.01  46   1            40  0.0  0.0  5
      48   4            40  0.0  0.0  5
      51   2            40  0.0  0.0  5
NaN per column: none
H_k distinct values per client-run: max=1 (1 means constant across the 10 rounds)

                                         0                1                2                3                4                5                6                7                8                9                10               11
method                               FedAVG           FedAVG           FedAVG          FedAvgM          FedAvgM          FedAvgM           FedHAD           FedHAD           FedHAD          FedProx          FedProx          FedProx
alpha                                  0.01              0.1              1.0             0.01              0.1              1.0             0.01              0.1              1.0             0.01              0.1              1.0
records                                 470              500              500              470              500              500              470              500              500              470              500              500
seeds                                    10               10               10               10               10               10               10               10               10               10               10               10
client_units                             47               50               50               47               50               50               47               50               50               47               50               50
rho_pooled_H_cos                  -0.961791        -0.908361        -0.444975        -0.967929        -0.923499        -0.469072        -0.970457        -0.927681        -0.527421        -0.970546        -0.911483        -0.455162
rho_pooled_H_normstep              0.407673         0.655517         0.319879         0.696359         0.747687         0.326826         0.831602          0.80306         0.263122         0.321251         0.728356         0.374986
seedboot95_H_cos            [-0.972,-0.934]  [-0.941,-0.853]  [-0.629,-0.207]  [-0.976,-0.940]  [-0.950,-0.875]  [-0.643,-0.226]  [-0.979,-0.942]  [-0.955,-0.879]  [-0.687,-0.310]  [-0.978,-0.945]  [-0.945,-0.856]  [-0.632,-0.228]
rho_perseed_mean                  -0.910369        -0.861609        -0.423063        -0.911926        -0.890911        -0.434528        -0.910939        -0.892087        -0.487252        -0.918984        -0.869155         -0.43688
rho_perseed_median                -0.934912        -0.916292        -0.615435        -0.949612        -0.943242        -0.605635        -0.957942        -0.940792        -0.655615        -0.933442        -0.923642        -0.606125
rho_perseed_min                   -0.979992        -0.974112        -0.848673        -0.979992        -0.977052        -0.858473        -0.979992        -0.979992        -0.867293        -0.979992        -0.977052        -0.836913
rho_perseed_max                   -0.761454        -0.620335         0.396897        -0.751654        -0.657575         0.391017        -0.685994        -0.669334         0.347897        -0.818293        -0.638955         0.345937
seeds_rho_neg                            10               10                8               10               10                8               10               10                9               10               10                8
rho_client_level_H_cos            -0.974439        -0.924706        -0.547371        -0.975364        -0.933926        -0.581849         -0.97814        -0.940552         -0.64024        -0.981032        -0.928067        -0.582425
rho_pooled_H_cosLOO                 0.20415         0.214284        -0.033558         0.212955         0.197448        -0.040255         0.114427         0.149801        -0.107452          0.00207         0.098514        -0.083029
seedboot95_H_cosLOO           [0.130,0.276]    [0.139,0.292]  [-0.063,-0.001]    [0.078,0.332]    [0.090,0.308]   [-0.079,0.002]   [-0.011,0.234]    [0.036,0.252]  [-0.125,-0.084]   [-0.133,0.131]    [0.002,0.184]  [-0.101,-0.063]
rho_perseed_mean_LOO               0.218097          0.22873        -0.021462         0.217648         0.235198        -0.025578         0.128836         0.171695        -0.088591         0.031039         0.127889        -0.075753
rho_client_n_H                    -0.964343        -0.871666        -0.474766        -0.964343        -0.871666        -0.474766        -0.964343        -0.871666        -0.474766        -0.964343        -0.871666        -0.474766
rho_client_n_w                     0.999855              1.0              1.0         0.999855              1.0              1.0         0.999855              1.0              1.0         0.999855              1.0              1.0
rho_client_n_cos                   0.961344            0.963         0.972533         0.972099         0.967082         0.971573         0.965681         0.959543         0.954574         0.958048         0.963529         0.968884
rho_client_n_cosLOO               -0.432879        -0.745708        -0.028956        -0.429294        -0.697592        -0.312365        -0.222454        -0.594396         0.279712         0.004048        -0.556028          0.19952
rho_client_n_E                          NaN              NaN              NaN              NaN              NaN              NaN         0.918644         0.762871        -0.094044              NaN              NaN              NaN
rho_client_n_lr                         NaN              NaN              NaN              NaN              NaN              NaN         0.964343         0.871666         0.474766              NaN              NaN              NaN
rho_client_n_updnorm               0.956371         0.938126         0.946795         0.943765         0.935725         0.951309         0.957643         0.899037         0.779016         0.907162         0.802756         0.749244
rho_client_n_updnorm_step         -0.603232        -0.906624        -0.960336        -0.895944        -0.959735        -0.982521        -0.878769        -0.966266        -0.948139        -0.433689        -0.947538         -0.98617
mean_weight_largest_client         0.378219         0.359761         0.273987         0.378219         0.359761         0.273987         0.378219         0.359761         0.273987         0.378219         0.359761         0.273987
mean_cos_minus_cosLOO              0.368345         0.354713         0.353448         0.373319          0.34732         0.334183         0.364603         0.349011         0.340846         0.365537         0.353777         0.340152
rho_H_cos_sizerank1               -0.905779        -0.466667        -0.587879        -0.851068        -0.587879        -0.575758        -0.875384        -0.575758        -0.684848         -0.96657        -0.551515        -0.587879
rho_H_cosLOO_sizerank1            -0.765961        -0.830303        -0.745455        -0.844989        -0.612121        -0.890909        -0.784198         -0.69697        -0.890909         -0.83891        -0.745455        -0.806061
rho_H_cos_sizerank2                 -0.8997        -0.951515        -0.515152        -0.942254        -0.975758        -0.551515        -0.948333        -0.987879        -0.721212          -0.8997        -0.987879        -0.648485
rho_H_cosLOO_sizerank2            -0.583589        -0.321212        -0.939394        -0.632222        -0.406061        -0.733333        -0.741645        -0.430303        -0.866667        -0.680854        -0.563636        -0.757576
rho_H_cos_sizerank3               -0.684848        -0.951515         0.090909        -0.830303        -0.951515        -0.066667        -0.830303        -0.951515        -0.054545        -0.854545        -0.951515         0.006061
rho_H_cosLOO_sizerank3             0.284848        -0.660606        -0.781818         0.272727        -0.660606        -0.830303         0.187879        -0.709091        -0.854545         0.078788        -0.660606        -0.830303
rho_H_cos_sizerank4               -0.854545        -0.393939        -0.612121         -0.90303        -0.587879        -0.672727         -0.90303        -0.624242        -0.769697        -0.830303        -0.563636        -0.709091
rho_H_cosLOO_sizerank4             0.842424        -0.006061         0.006061         0.939394             -0.2        -0.212121         0.757576        -0.066667        -0.890909         0.854545        -0.163636        -0.781818
rho_H_cos_sizerank5               -0.928571        -0.648485        -0.745455        -0.928571        -0.757576        -0.793939        -0.928571        -0.757576        -0.854545        -0.821429        -0.648485        -0.793939
rho_H_cosLOO_sizerank5                -0.25        -0.175758        -0.648485         0.107143        -0.260606        -0.624242        -0.321429        -0.175758        -0.890909        -0.142857        -0.284848        -0.733333

 method  alpha  partial_rho_H_cos_given_n  partial_rho_H_cosLOO_given_n
 FedAVG   0.01                  -0.650089                     -0.457269
 FedAVG   0.10                  -0.645746                     -0.624012
 FedAVG   1.00                  -0.418070                     -0.738472
FedAvgM   0.01                  -0.610942                     -0.365002
FedAvgM   0.10                  -0.729299                     -0.672517
FedAvgM   1.00                  -0.578708                     -0.726046
 FedHAD   0.01                  -0.682182                     -0.490724
 FedHAD   0.10                  -0.754755                     -0.638029
 FedHAD   1.00                  -0.713214                     -0.922074
FedProx   0.01                  -0.753371                     -0.507494
FedProx   0.10                  -0.672436                     -0.635643
FedProx   1.00                  -0.562021                     -0.856709
