telemetry rows=15000; runs=300; acc mismatches vs final_metrics table=0
flops per sample (full) from telemetry: 180894720
LR under permutation stays with the ORIGINAL client in 60/60 cells

 alpha             variant  acc_mean   acc_sd      updates    processed  TF_nominal    TF_exec  upd_mis_med  upd_mis_min  upd_mis_max  upd_absmis_med  within1
  0.01          epoch_only  0.550500 0.047755 45331.666667 1.450572e+06  262.787267 262.400816     0.000000     0.000000     0.000000        0.000000       30
  0.01       fixed_matched  0.540383 0.042287 45350.666667 1.451149e+06  262.946696 262.505192     0.000000    -2.627701     3.438114        0.269937       23
  0.01         full_fedhad  0.559880 0.038020 45331.666667 1.450572e+06  262.787267 262.400816     0.000000     0.000000     0.000000        0.000000       30
  0.01     lr_only_matched  0.558503 0.040789 45350.666667 1.451149e+06  262.946696 262.505192     0.000000    -2.627701     3.438114        0.269937       23
  0.01 permuted_allocation  0.551877 0.038817 44374.333333 1.419937e+06  257.262320 256.859166    -2.443303   -15.506329    13.105413        2.749404       10
  0.10          epoch_only  0.675380 0.034203 49795.333333 1.593451e+06  288.712073 288.246812     0.000000     0.000000     0.000000        0.000000       30
  0.10       fixed_matched  0.679630 0.032880 49768.000000 1.592576e+06  288.581106 288.088590     0.060566    -1.464481     0.799851        0.231808       29
  0.10         full_fedhad  0.687207 0.032259 49795.333333 1.593451e+06  288.712073 288.246812     0.000000     0.000000     0.000000        0.000000       30
  0.10     lr_only_matched  0.686757 0.032414 49768.000000 1.592576e+06  288.581106 288.088590     0.060566    -1.464481     0.799851        0.231808       29
  0.10 permuted_allocation  0.684187 0.032014 49057.333333 1.569835e+06  284.434335 283.974802    -0.895575    -8.375998     1.004510        0.950494       15

5-epoch fixed budget (updates) at same partitions:
alpha
0.01    70201.666667
0.10    70196.666667

                         contrast  n   mean_pp  median_pp  boot95_lo  boot95_hi  wilcoxon_W  p_two_sided        dz  wins_first  wins_second  ties_|d|<=0.1pp  exact_zero  alpha   Q
      full_fedhad - fixed_matched 30  1.949667      1.805   1.214658   2.692683        45.0     0.000115  0.916841          24            5                1           0   0.01  Q1
full_fedhad - permuted_allocation 30  0.800333      0.960   0.301992   1.293000        99.0     0.006032  0.562053          21            8                1           0   0.01  Q2
       epoch_only - fixed_matched 30  1.011667      1.250   0.185667   1.827692       132.0     0.038418  0.436919          18           11                1           0   0.01  Q3
  lr_only_matched - fixed_matched 30  1.812000      1.385   1.091667   2.609692        46.0     0.000035  0.843405          23            6                1           0   0.01  Q4
         full_fedhad - epoch_only 30  0.938000      0.715   0.111658   1.838000       151.0     0.096102  0.378462          18           12                0           0   0.01 Q5a
    full_fedhad - lr_only_matched 30  0.137667     -0.070  -0.672042   0.930333       228.0     0.926249  0.061157          15           15                0           0   0.01 Q5b
      full_fedhad - fixed_matched 30  0.757667      1.005   0.159333   1.312675       112.5     0.013574  0.456524          21            8                1           0   0.10  Q1
full_fedhad - permuted_allocation 30  0.302000      0.345  -0.213008   0.822675       184.0     0.328470  0.202908          17           12                1           0   0.10  Q2
       epoch_only - fixed_matched 30 -0.425000     -0.220  -1.069392   0.148358       173.0     0.228553 -0.243310          10           16                4           0   0.10  Q3
  lr_only_matched - fixed_matched 30  0.712667      0.405   0.250658   1.208675       108.0     0.010442  0.524847          20            8                2           0   0.10  Q4
         full_fedhad - epoch_only 30  1.182667      0.995   0.655325   1.699333        67.0     0.000345  0.777740          25            5                0           0   0.10 Q5a
    full_fedhad - lr_only_matched 30  0.045000      0.045  -0.502000   0.566667       210.0     0.655438  0.029914          14           13                3           0   0.10 Q5b

alpha                          0.01       0.10
steps_mismatch_pct count  30.000000  30.000000
                   mean   -2.048018  -1.498946
                   std     4.083087   2.074903
                   min   -15.506329  -8.375998
                   25%    -3.376487  -2.001065
                   50%    -2.443303  -0.895575
                   75%    -0.543928  -0.020804
                   max    13.105413   1.004510
ex_mismatch_pct    count  30.000000  30.000000
                   mean   -2.048018  -1.498946
                   std     4.083087   2.074903
                   min   -15.506329  -8.375998
                   25%    -3.376487  -2.001065
                   50%    -2.443303  -0.895575
                   75%    -0.543928  -0.020804
                   max    13.105413   1.004510
fl_mismatch_pct    count  30.000000  30.000000
                   mean   -2.038882  -1.498368
                   std     4.084348   2.074470
                   min   -15.515985  -8.384321
                   25%    -3.370432  -1.998751
                   50%    -2.432785  -0.890962
                   75%    -0.535136  -0.021585
                   max    13.106375   1.007483
lrs_mismatch_pct   count  30.000000  30.000000
                   mean   -2.953128  -2.133295
                   std     4.232856   2.574663
                   min   -17.909743 -11.328550
                   25%    -3.718154  -2.716908
                   50%    -3.047967  -1.333605
                   75%    -2.139033  -0.569365
                   max    12.099351   0.540637
clients_changed    count  30.000000  30.000000
                   mean    2.333333   2.000000
                   std     0.844182   0.000000
                   min     2.000000   2.000000
                   25%     2.000000   2.000000
                   50%     2.000000   2.000000
                   75%     2.000000   2.000000
                   max     5.000000   2.000000

 alpha  slope_pp_per_pct_steps  intercept_pp_at_zero_mismatch  n_|mismatch|<=1%  mean_diff_subset  wilcoxon_p_subset  perm_fewer_steps_cells
  0.01               -0.100213                       0.595095                10          0.744000           0.064453                      26
  0.10                0.055854                       0.385723                15          0.550667           0.276855                      22

 alpha  seed  acc_full  acc_lr_only  diff_pp    E_full E_lr_only(=E_fixed)                                 LR_both  updates_full  updates_lr_only  examples_full  examples_lr_only  TF_nominal_full  TF_nominal_lr_only  TF_exec_full  TF_exec_lr_only  updates_mismatch_pct
  0.01    42    0.6396       0.6343     0.53 3;4;3;2;3           4;3;3;4;3 0.00565;0.00593;0.00498;0.00400;0.00506         46040            46300        1473280           1481600       266.855891          268.476708    266.508573       268.013617              0.564726
  0.01    43    0.5235       0.5035     2.00 4;2;3;3;2           3;3;3;4;3 0.00618;0.00400;0.00531;0.00500;0.00402         44570            44890        1426240           1436480       258.505791          260.450409    257.999285       259.851647              0.717972
  0.01    44    0.5620       0.5840    -2.20 3;2;3;3;4           4;3;3;3;3 0.00566;0.00400;0.00448;0.00520;0.00607         46270            46140        1480640           1476480       268.210792          267.498067    267.839958       267.087436             -0.280960
  0.01    45    0.5885       0.5958    -0.73 2;2;3;4;3           4;3;3;3;3 0.00400;0.00410;0.00567;0.00587;0.00500         44010            43520        1408320           1392640       255.124868          252.358988    254.757652       251.921223             -1.113383
  0.01    46    0.5807       0.5595     2.12 2;5;2;4;3           3;3;3;3;4 0.00400;0.01000;0.00400;0.00667;0.00567         46350            46330        1483200           1482560       268.628659          268.625041    268.303049       268.187276             -0.043150
  0.01    47    0.5671       0.5611     0.60 4;3;2;3;3           3;4;4;3;3 0.00620;0.00500;0.00413;0.00467;0.00501         46270            46280        1480640           1480960       268.241544          268.337419    267.839958       267.897845              0.021612
  0.01    48    0.5364       0.5445    -0.81 3;3;3;3;5           3;3;3;3;3 0.00500;0.00571;0.00500;0.00567;0.01000         42120            42120        1347840           1347840       244.213299          244.213299    243.817139       243.817139              0.000000
  0.01    49    0.5631       0.5157     4.74 3;4;3;2;2           3;3;3;4;3 0.00566;0.00594;0.00500;0.00440;0.00425         43950            43760        1406400           1400320       254.763079          253.768158    254.410334       253.310494             -0.432309
  0.01    50    0.5997       0.5956     0.41 2;2;4;2;3           3;4;3;4;3 0.00400;0.00400;0.00684;0.00400;0.00553         45170            44890        1445440           1436480       262.000677          260.493824    261.472464       259.851647             -0.619880
  0.01    51    0.5861       0.5313     5.48 3;4;5;3;2           4;3;3;3;3 0.00568;0.00620;0.01000;0.00500;0.00400         46340            46340        1482880           1482880       268.632277          268.681119    268.245162       268.245162              0.000000
  0.01    52    0.5590       0.5755    -1.65 4;5;2;3;4           3;3;4;4;4 0.00608;0.01000;0.00401;0.00491;0.00620         51210            51350        1638720           1643200       296.703520          297.497648    296.435796       297.246204              0.273384
  0.01    53    0.5827       0.6054    -2.27 3;2;3;2;4           3;4;3;4;3 0.00567;0.00400;0.00567;0.00423;0.00575         44820            43670        1434240           1397440       260.009026          253.419031    259.446443       252.789518             -2.565819
  0.01    54    0.5540       0.5387     1.53 2;2;4;3;4           4;4;3;3;4 0.00400;0.00400;0.00604;0.00500;0.00601         49110            48960        1571520           1566720       284.693919          283.919690    284.279670       283.411376             -0.305437
  0.01    55    0.6075       0.6034     0.41 2;2;2;4;4           4;4;4;3;4 0.00401;0.00400;0.00400;0.00638;0.00619         50560            50300        1617300           1608360       292.980706          291.437674    292.561031       290.943832             -0.514241
  0.01    56    0.5789       0.5904    -1.15 3;3;3;2;3           3;3;3;3;3 0.00567;0.00519;0.00501;0.00422;0.00500         40830            42150        1306560           1348800       236.581351          244.224153    236.349805       243.990798              3.232917
  0.01    57    0.5257       0.5031     2.26 3;5;3;3;4           3;3;3;3;4 0.00500;0.01000;0.00504;0.00500;0.00620         47740            47740        1527680           1527680       276.580791          276.580791    276.349246       276.349246              0.000000
  0.01    58    0.5352       0.5082     2.70 3;2;3;3;3           2;3;3;3;3 0.00497;0.00400;0.00532;0.00567;0.00500         40720            39650        1303040           1268800       236.078463          229.908144    235.713056       229.519221             -2.627701
  0.01    59    0.5300       0.5287     0.13 4;2;3;3;3           3;3;3;3;4 0.00620;0.00400;0.00500;0.00507;0.00567         46300            46330        1481600           1482560       268.458618          268.644940    268.013617       268.187276              0.064795
  0.01    60    0.5444       0.5415     0.29 3;2;2;3;4           3;4;4;3;3 0.00509;0.00400;0.00400;0.00500;0.00620         44820            44890        1434240           1436480       259.994554          260.502868    259.446443       259.851647              0.156180
  0.01    61    0.5477       0.5806    -3.29 4;3;3;2;3           4;3;3;3;3 0.00620;0.00501;0.00506;0.00411;0.00500         47700            47720        1526400           1527040       276.334774          276.468636    276.117701       276.233473              0.041929
  0.01    62    0.5558       0.5618    -0.60 3;4;3;2;2           4;3;3;4;4 0.00500;0.00628;0.00567;0.00400;0.00403         46430            46330        1485760           1482560       269.149636          268.643131    268.766139       268.187276             -0.215378
  0.01    63    0.5602       0.5746    -1.44 3;2;3;3;4           3;3;3;4;3 0.00564;0.00400;0.00445;0.00500;0.00593         45030            44910        1440960           1437120       261.081731          260.396140    260.662056       259.967420             -0.266489
  0.01    64    0.5249       0.4989     2.60 3;3;2;3;3           3;3;3;3;3 0.00500;0.00567;0.00400;0.00500;0.00500         40720            42120        1303040           1347840       236.085699          244.218726    235.713056       243.817139              3.438114
  0.01    65    0.5764       0.5843    -0.79 3;2;2;4;3           3;4;3;3;3 0.00547;0.00443;0.00400;0.00617;0.00534         44280            43790        1416960           1401280       256.649811          253.930963    256.320582       253.484153             -1.106594
  0.01    66    0.6248       0.6287    -0.39 4;2;3;3;3           3;3;4;3;4 0.00620;0.00438;0.00554;0.00528;0.00533         46430            46430        1485760           1485760       269.153254          269.229230    268.766139       268.766139              0.000000
  0.01    67    0.5150       0.5069     0.81 3;2;2;2;4           4;3;3;3;3 0.00500;0.00402;0.00400;0.00402;0.00667         44910            44930        1437120           1437760       260.316547          260.506486    259.967420       260.083193              0.044534
  0.01    68    0.4634       0.5211    -5.77 3;3;2;3;3           3;3;3;3;3 0.00500;0.00500;0.00400;0.00567;0.00500         40720            42120        1303040           1347840       236.078463          244.218726    235.713056       243.817139              3.438114
  0.01    69    0.6216       0.6258    -0.42 4;3;3;2;3           4;3;3;3;3 0.00643;0.00567;0.00498;0.00400;0.00473         48130            48140        1539540           1539550       278.890817          278.892626    278.494657       278.496466              0.020777
  0.01    70    0.5234       0.5261    -0.27 3;4;3;2;3           3;3;3;3;4 0.00500;0.00574;0.00501;0.00400;0.00500         44990            44900        1439680           1436800       260.994902          260.493824    260.430510       259.909534             -0.200044
  0.01    71    0.5191       0.5261    -0.70 2;3;4;2;2           3;3;3;4;3 0.00402;0.00567;0.00621;0.00400;0.00422         43410            43520        1389120           1392640       251.624556          252.364415    251.284473       251.921223              0.253398
  0.10    42    0.6932       0.6965    -0.33 4;4;3;3;3           3;4;3;3;4 0.00613;0.00638;0.00524;0.00450;0.00565         50150            50180        1604800           1605760       290.782836          290.963730    290.299847       290.473506              0.059821
  0.10    43    0.7087       0.7163    -0.76 4;3;4;3;2           4;3;3;4;3 0.00579;0.00520;0.00620;0.00557;0.00424         49020            48940        1568640           1566080       283.983003          283.550665    283.758694       283.295603             -0.163199
  0.10    44    0.6570       0.6801    -2.31 4;3;3;3;4           3;3;3;4;4 0.00608;0.00498;0.00563;0.00513;0.00616         49530            49300        1584960           1577600       286.973193          285.645426    286.710895       285.379510             -0.464365
  0.10    45    0.6518       0.6476     0.42 3;3;3;4;4           4;4;4;4;3 0.00471;0.00511;0.00510;0.00634;0.00609         51790            51640        1657280           1652480       300.276190          299.431412    299.793202       298.924907             -0.289631
  0.10    46    0.6858       0.6972    -1.14 3;3;4;3;3           4;4;3;3;4 0.00448;0.00475;0.00642;0.00561;0.00530         47340            47290        1514880           1513280       274.453469          274.254485    274.033793       273.744362             -0.105619
  0.10    47    0.7168       0.7169    -0.01 3;4;4;3;4           3;4;4;4;4 0.00506;0.00628;0.00618;0.00533;0.00627         53760            54190        1720320           1734080       311.708737          314.223173    311.196805       313.685916              0.799851
  0.10    48    0.6730       0.6560     1.70 2;3;4;4;3           3;3;3;4;4 0.00432;0.00548;0.00606;0.00680;0.00459         48780            48560        1560960           1553920       282.613630          281.370883    282.369422       281.095923             -0.451005
  0.10    49    0.6932       0.7075    -1.43 3;4;3;4;4           3;4;4;3;4 0.00564;0.00582;0.00525;0.00584;0.00628         53080            52660        1698560           1685120       307.765232          305.319535    307.260536       304.829311             -0.791258
  0.10    50    0.7110       0.7065     0.45 3;2;4;3;4           4;4;4;3;3 0.00452;0.00436;0.00719;0.00479;0.00593         51020            51060        1632640           1633920       295.762867          296.059535    295.335956       295.567501              0.078401
  0.10    51    0.6738       0.6991    -2.53 3;4;3;3;4           4;4;3;4;3 0.00549;0.00628;0.00445;0.00479;0.00593         51640            51760        1652480           1656320       299.586982          300.306943    298.924907       299.619543              0.232378
  0.10    52    0.7656       0.7455     2.01 3;3;3;4;3           4;3;4;3;4 0.00499;0.00556;0.00558;0.00674;0.00516         47920            47890        1533440           1532480       277.812684          277.687867    277.391199       277.217541             -0.062604
  0.10    53    0.6984       0.7129    -1.45 4;2;3;4;4           3;3;4;4;4 0.00635;0.00415;0.00558;0.00586;0.00576         51480            51140        1647360           1636480       298.689744          296.745126    297.998726       296.030591             -0.660451
  0.10    54    0.6888       0.6935    -0.47 3;2;4;4;4           4;4;3;4;4 0.00472;0.00414;0.00581;0.00582;0.00582         52370            52570        1675840           1682240       303.631788          304.803985    303.150608       304.308334              0.381898
  0.10    55    0.6823       0.6821     0.02 3;3;4;3;3           4;3;3;4;4 0.00472;0.00520;0.00716;0.00512;0.00541         48830            48540        1562560           1553280       282.939240          281.235212    282.658854       280.980151             -0.593897
  0.10    56    0.6731       0.6867    -1.36 4;3;3;2;4           3;4;3;4;3 0.00577;0.00570;0.00494;0.00444;0.00609         47570            47460        1522240           1518720       275.799326          275.200564    275.365179       274.728429             -0.231238
  0.10    57    0.6904       0.6872     0.32 4;3;4;3;3           4;4;4;3;3 0.00597;0.00526;0.00677;0.00565;0.00562         49960            50100        1598720           1603200       289.663097          290.493404    289.200007       290.010415              0.280224
  0.10    58    0.7229       0.7080     1.49 3;3;3;4;4           4;3;4;4;3 0.00516;0.00561;0.00562;0.00588;0.00619         49840            49880        1594880           1596160       288.990169          289.223523    288.505371       288.736916              0.080257
  0.10    59    0.6780       0.6593     1.87 4;3;4;3;2           3;4;3;4;3 0.00585;0.00530;0.00588;0.00563;0.00411         47700            47910        1526400           1533120       276.747214          277.991770    276.117701       277.333313              0.440252
  0.10    60    0.6824       0.6836    -0.12 4;3;3;3;3           3;4;4;3;3 0.00622;0.00561;0.00569;0.00501;0.00536         46780            46830        1496960           1498560       271.410820          271.754520    270.792160       271.081592              0.106883
  0.10    61    0.7542       0.7427     1.15 4;4;4;4;3           4;4;4;3;4 0.00624;0.00626;0.00582;0.00631;0.00467         54690            54610        1750080           1747520       317.311046          316.849765    316.580232       316.117141             -0.146279
  0.10    62    0.6946       0.6983    -0.37 3;3;4;3;3           3;3;3;4;3 0.00548;0.00538;0.00574;0.00571;0.00512         45750            45080        1464000           1442560       265.249546          261.392870    264.829870       260.951487             -1.464481
  0.10    63    0.6893       0.6612     2.81 4;3;4;3;4           4;3;4;4;3 0.00659;0.00532;0.00628;0.00468;0.00578         53790            53870        1721280           1723840       311.632761          312.065099    311.370464       311.833554              0.148727
  0.10    64    0.6635       0.6673    -0.38 4;3;4;3;2           4;3;4;3;3 0.00646;0.00485;0.00576;0.00509;0.00429         51340            51690        1642880           1654080       297.810595          299.863751    297.188318       299.214338              0.681730
  0.10    65    0.6665       0.7051    -3.86 3;4;2;4;3           4;4;4;3;3 0.00569;0.00601;0.00409;0.00590;0.00497         49860            49860        1595520           1595520       289.230759          289.321206    288.621144       288.621144              0.000000
  0.10    66    0.6354       0.6314     0.40 4;2;3;3;4           3;4;4;3;4 0.00606;0.00441;0.00570;0.00525;0.00600         49180            49220        1573760           1575040       285.099123          285.426543    284.684875       284.916420              0.081334
  0.10    67    0.6366       0.6154     2.12 3;3;2;3;4           4;3;3;4;3 0.00506;0.00533;0.00440;0.00504;0.00680         46850            46910        1499200           1501120       271.416247          271.810597    271.197364       271.544682              0.128068
  0.10    68    0.7284       0.7219     0.65 3;2;3;4;4           4;3;3;4;3 0.00518;0.00412;0.00569;0.00587;0.00617         48230            48070        1543360           1538240       279.789863          278.887199    279.185675       278.259494             -0.331744
  0.10    69    0.7178       0.7022     1.56 4;3;4;3;3           4;3;3;3;4 0.00681;0.00566;0.00588;0.00482;0.00523         50380            50420        1612160           1613440       292.078042          292.295115    291.631232       291.862777              0.079397
  0.10    70    0.6310       0.6227     0.83 3;4;3;3;3           3;3;3;4;4 0.00535;0.00580;0.00504;0.00485;0.00509         46300            46450        1481600           1486400       268.429675          269.350429    268.013617       268.881912              0.323974
  0.10    71    0.6527       0.6520     0.07 3;4;4;2;3           4;4;3;3;4 0.00551;0.00606;0.00690;0.00425;0.00480         48930            48960        1565760           1566720       283.724324          283.908836    283.237717       283.411376              0.061312
