                        count        mean           std         min         25%         50%         75%         max
seed                     30.0   56.500000  8.803408e+00   42.000000   49.250000   56.500000   63.750000   71.000000
E_C0                     30.0   43.000000  0.000000e+00   43.000000   43.000000   43.000000   43.000000   43.000000
E_exec                   30.0   43.000000  0.000000e+00   43.000000   43.000000   43.000000   43.000000   43.000000
E_A1                     30.0   43.000000  0.000000e+00   43.000000   43.000000   43.000000   43.000000   43.000000
E_A2                     30.0   43.000000  0.000000e+00   43.000000   43.000000   43.000000   43.000000   43.000000
E_A3                     30.0   50.000000  0.000000e+00   50.000000   50.000000   50.000000   50.000000   50.000000
upd_C0                   30.0    0.000000  0.000000e+00    0.000000    0.000000    0.000000    0.000000    0.000000
n_changed_E_A1           30.0    3.600000  8.136762e-01    2.000000    4.000000    4.000000    4.000000    4.000000
n_changed_E_A2           30.0    3.600000  8.136762e-01    2.000000    4.000000    4.000000    4.000000    4.000000
n_changed_LR_A2_gt1pct   30.0    4.000000  9.097177e-01    2.000000    4.000000    4.000000    5.000000    5.000000
steps_C0                 30.0  276.000000  0.000000e+00  276.000000  276.000000  276.000000  276.000000  276.000000
steps_A1                 30.0  265.433333  2.358891e+00  264.000000  264.000000  264.000000  265.000000  270.000000
steps_A2                 30.0  265.433333  2.358891e+00  264.000000  264.000000  264.000000  265.000000  270.000000
steps_A3                 30.0  305.000000  0.000000e+00  305.000000  305.000000  305.000000  305.000000  305.000000
steps_A1_pct_vs_C0       30.0   -3.828502  8.546707e-01   -4.347826   -4.347826   -4.347826   -3.985507   -2.173913
steps_A2_pct_vs_C0       30.0   -3.828502  8.546707e-01   -4.347826   -4.347826   -4.347826   -3.985507   -2.173913
steps_A3_pct_vs_C0       30.0   10.507246  3.613448e-15   10.507246   10.507246   10.507246   10.507246   10.507246

                                             0
A2_abs_mean                           0.000151
A2_rel_mean_pct                        1.89516
A2_rel_max_pct                        5.839623
A3_LR_range                  [0.00832,0.00923]
C0_LR_range                  [0.00761,0.00832]
A3_E_values                      [np.int64(5)]
exec_E_matches_manifest_C0             300/300
exec_LR_matches_manifest_C0             37/300
