 alpha baseline  fedhad_acc  base_acc  mean_pp   ci_lo   ci_hi      dz  p_raw  p_holm
  1.00   FedAVG      0.8204    0.8169   0.3550  0.1863  0.5307  0.7295 0.0002  0.0024
  1.00  FedAvgM      0.8204    0.7073  11.3090 10.4333 12.2743  4.2793 0.0000  0.0000
  1.00  FedProx      0.8204    0.8201   0.0293 -0.1400  0.2090  0.0588 0.9741  0.9741
  1.00  FedNova      0.8204    0.8161   0.4297  0.2577  0.6077  0.8682 0.0002  0.0024
  0.50   FedAVG      0.8021    0.7983   0.3747  0.1260  0.6247  0.5293 0.0140  0.0978
  0.50  FedAvgM      0.8021    0.6875  11.4597 10.7810 12.1817  5.7609 0.0000  0.0000
  0.50  FedProx      0.8021    0.8041  -0.2027 -0.4337  0.0320 -0.3074 0.1567  0.7594
  0.50  FedNova      0.8021    0.8005   0.1590 -0.1647  0.4950  0.1676 0.4528  0.9055
  0.10   FedAVG      0.6853    0.6903  -0.5010 -1.1037  0.0777 -0.2984 0.1519  0.7594
  0.10  FedAvgM      0.6853    0.5844  10.0930  8.5556 11.6763  2.2656 0.0000  0.0000
  0.10  FedProx      0.6853    0.6785   0.6857  0.2350  1.1487  0.5220 0.0093  0.0744
  0.10  FedNova      0.6853    0.6755   0.9827 -0.2360  2.2477  0.2790 0.2329  0.7594
  0.01   FedAVG      0.5578    0.5416   1.6170  0.3903  2.9247  0.4411 0.0262  0.1574
  0.01  FedAvgM      0.5578    0.4684   8.9327  7.4719 10.4614  2.0957 0.0000  0.0000
  0.01  FedProx      0.5578    0.5294   2.8350  2.1220  3.6107  1.3430 0.0000  0.0000
  0.01  FedNova      0.5578    0.4660   9.1730  6.3023 12.1757  1.1055 0.0000  0.0000

FEMNIST 10-writer prior:
                     mean       min       max
seed              56.5000   42.0000   71.0000
E_cv              43.0000   43.0000   43.0000
E_A1              43.0000   43.0000   43.0000
E_A2              43.0000   43.0000   43.0000
E_A3              50.0000   50.0000   50.0000
steps_cv         276.0000  276.0000  276.0000
steps_A1         270.5000  270.0000  276.0000
steps_A2         270.5000  270.0000  276.0000
steps_A3         305.0000  305.0000  305.0000
chgE_A1            1.8667    0.0000    2.0000
chgE_A2            1.8667    0.0000    2.0000
chgE_A3            7.0000    7.0000    7.0000
LRrel_A2_mean      0.9607    0.2080    1.2716
LRrel_A2_max       4.1073    0.4415    5.0599
chgLR_A2_gt1pct    2.1333    0.0000    4.0000
LR_cv_min          0.0077    0.0076    0.0077
LR_cv_max          0.0083    0.0082    0.0083
LR_A3_min          0.0084    0.0083    0.0086
LR_A3_max          0.0093    0.0092    0.0094
steps_A1_pct      -1.9928   -2.1739    0.0000
steps_A2_pct      -1.9928   -2.1739    0.0000
steps_A3_pct      10.5072   10.5072   10.5072

Sensitivity:
 epochs_decay  lr_decay  n_all  acc_all   TF_all  n_complete  acc_complete     sd  TF_complete
          1.0       0.5     30   0.8042 399.2936          29        0.8051 0.0126     404.2226
          1.0       1.5     30   0.8043 404.0166          30        0.8043 0.0117     404.0166
          1.0       3.0     30   0.8029 404.0166          30        0.8029 0.0129     404.0166
          3.0       0.5     30   0.7959 316.3393          28        0.8012 0.0108     325.7143
          3.0       1.5     30   0.8012 325.2553          30        0.8012 0.0133     325.2553
          3.0       3.0     30   0.8010 320.6739          29        0.8018 0.0126     325.2425
          5.0       0.5     30   0.7980 274.6236          30        0.7980 0.0150     274.6236
          5.0       1.5     30   0.7983 274.6236          30        0.7983 0.0145     274.6236
          5.0       3.0     30   0.7955 274.6236          30        0.7955 0.0153     274.6236

Proxy:
 method  alpha  records  client_units  rho_pooled_H_cos seedboot95_H_cos  rho_perseed_mean  rho_perseed_min  rho_perseed_max  rho_client_level_H_cos  rho_pooled_H_cosLOO seedboot95_H_cosLOO  partial_rho_H_cosLOO_given_n  rho_client_n_cos  rho_client_n_H  rho_pooled_H_normstep
 FedAVG   0.01      470            47            -0.962  [-0.972,-0.934]            -0.910           -0.980           -0.761                  -0.974                0.204       [0.130,0.276]                        -0.457             0.961          -0.964                  0.408
 FedAVG   0.10      500            50            -0.908  [-0.941,-0.853]            -0.862           -0.974           -0.620                  -0.925                0.214       [0.139,0.292]                        -0.624             0.963          -0.872                  0.656
 FedAVG   1.00      500            50            -0.445  [-0.629,-0.207]            -0.423           -0.849            0.397                  -0.547               -0.034     [-0.063,-0.001]                        -0.738             0.973          -0.475                  0.320
FedAvgM   0.01      470            47            -0.968  [-0.976,-0.940]            -0.912           -0.980           -0.752                  -0.975                0.213       [0.078,0.332]                        -0.365             0.972          -0.964                  0.696
FedAvgM   0.10      500            50            -0.923  [-0.950,-0.875]            -0.891           -0.977           -0.658                  -0.934                0.197       [0.090,0.308]                        -0.673             0.967          -0.872                  0.748
FedAvgM   1.00      500            50            -0.469  [-0.643,-0.226]            -0.435           -0.858            0.391                  -0.582               -0.040      [-0.079,0.002]                        -0.726             0.972          -0.475                  0.327
 FedHAD   0.01      470            47            -0.970  [-0.979,-0.942]            -0.911           -0.980           -0.686                  -0.978                0.114      [-0.011,0.234]                        -0.491             0.966          -0.964                  0.832
 FedHAD   0.10      500            50            -0.928  [-0.955,-0.879]            -0.892           -0.980           -0.669                  -0.941                0.150       [0.036,0.252]                        -0.638             0.960          -0.872                  0.803
 FedHAD   1.00      500            50            -0.527  [-0.687,-0.310]            -0.487           -0.867            0.348                  -0.640               -0.107     [-0.125,-0.084]                        -0.922             0.955          -0.475                  0.263
FedProx   0.01      470            47            -0.971  [-0.978,-0.945]            -0.919           -0.980           -0.818                  -0.981                0.002      [-0.133,0.131]                        -0.507             0.958          -0.964                  0.321
FedProx   0.10      500            50            -0.911  [-0.945,-0.856]            -0.869           -0.977           -0.639                  -0.928                0.099       [0.002,0.184]                        -0.636             0.964          -0.872                  0.728
FedProx   1.00      500            50            -0.455  [-0.632,-0.228]            -0.437           -0.837            0.346                  -0.582               -0.083     [-0.101,-0.063]                        -0.857             0.969          -0.475                  0.375
