  Q  alpha  n_30  mean_pp_30  n_excl  mean_pp_excl  median_pp_excl  ci_lo_excl  ci_hi_excl  dz_excl  wins_first_excl  wins_second_excl  p_raw_30  p_raw_excl  p_holm_F4_30  p_holm_F4_excl  p_holm_split_30  p_holm_split_excl decision_30 decision_excl decision_split_30 decision_split_excl
 Q1   0.01    30      1.9497      25        1.9728           1.960      1.2472      2.7220   1.0101               22                 3    0.0001      0.0002        0.0013          0.0024           0.0002             0.0004      reject        reject            reject              reject
 Q2   0.01    30      0.8003      25        0.9096           1.010      0.3608      1.4488   0.6450               19                 6    0.0060      0.0040        0.0543          0.0359           0.0483             0.0319        n.s.        reject            reject              reject
 Q3   0.01    30      1.0117      25        0.8716           1.360     -0.0292      1.7436   0.3809               15                10    0.0384      0.0957        0.2305          0.4812           0.2305             0.4812        n.s.          n.s.              n.s.                n.s.
 Q4   0.01    30      1.8120      25        2.1036           1.750      1.2648      2.9776   0.9518               20                 5    0.0000      0.0001        0.0004          0.0008           0.0003             0.0006      reject        reject            reject              reject
Q5a   0.01    30      0.9380      25        1.1012           0.910      0.1420      2.1433   0.4256               16                 9    0.0961      0.0802        0.4805          0.4812           0.4805             0.4812        n.s.          n.s.              n.s.                n.s.
Q5b   0.01    30      0.1377      25       -0.1308          -0.270     -0.9356      0.6756  -0.0628               12                13    0.9262      0.7064        1.0000          1.0000           1.0000             1.0000        n.s.          n.s.              n.s.                n.s.
 Q1   0.10    30      0.7577      30        0.7577           1.005      0.1507      1.3160   0.4565               22                 8    0.0136      0.0136        0.0950          0.0950           0.0136             0.0136        n.s.          n.s.            reject              reject
 Q2   0.10    30      0.3020      30        0.3020           0.345     -0.2237      0.8277   0.2029               18                12    0.3285      0.3285        0.9854          0.9854           0.9854             0.9854        n.s.          n.s.              n.s.                n.s.
 Q3   0.10    30     -0.4250      30       -0.4250          -0.220     -1.0717      0.1573  -0.2433               11                19    0.2286      0.2286        0.9142          0.9142           0.9142             0.9142        n.s.          n.s.              n.s.                n.s.
 Q4   0.10    30      0.7127      30        0.7127           0.405      0.2423      1.1980   0.5248               20                10    0.0104      0.0104        0.0835          0.0835           0.0731             0.0731        n.s.          n.s.              n.s.                n.s.
Q5a   0.10    30      1.1827      30        1.1827           0.995      0.6477      1.7043   0.7777               25                 5    0.0003      0.0003        0.0034          0.0034           0.0031             0.0031      reject        reject            reject              reject
Q5b   0.10    30      0.0450      30        0.0450           0.045     -0.4900      0.5577   0.0299               16                14    0.6554      0.6554        1.0000          1.0000           1.0000             1.0000        n.s.          n.s.              n.s.                n.s.
